0 68.3907
225.667 3.11082e+27
451.335 2.03006e+27
677.002 8.66347e+26
902.67 2.48772e+26
1128.34 1.65564e+25
1354 -3.71681e+25
1579.67 -3.16033e+25
1805.34 -1.63446e+25
2031.01 -5.72506e+24
2256.67 -7.57273e+23
2482.34 7.68776e+23
2708.01 8.23121e+23
2933.68 4.91411e+23
3159.34 1.99669e+23
3385.01 3.86225e+22
3610.68 -2.16467e+22
3836.35 -2.98792e+22
4062.01 -2.02197e+22
4287.68 -9.29319e+21
4513.35 -2.32626e+21
4739.02 7.1915e+20
4964.68 1.38365e+21
5190.35 1.05438e+21
5416.02 5.40006e+20
5641.69 1.64045e+20
5867.35 -2.33882e+19
6093.02 -7.74732e+19
6318.69 -6.651e+19
6544.36 -3.75989e+19
6770.02 -1.33362e+19
6995.69 2.64082e+17
7221.36 5.05183e+18
7447.03 4.91793e+18
7672.69 3.05056e+18
7898.36 1.23197e+18
8124.03 9.52464e+16
8349.7 -3.72316e+17
8575.36 -4.16632e+17
8801.03 -2.82636e+17
9026.7 -1.27739e+17
9252.37 -2.02023e+16
9478.03 3.01603e+16
9703.7 3.97327e+16
9929.37 2.94465e+16
10155 1.47142e+16
10380.7 3.35659e+15
10606.4 -2.60088e+15
10832 -4.20494e+15
11057.7 -3.40814e+15
11283.4 -1.8667e+15
11509 -5.42433e+14
11734.7 2.2734e+14
11960.4 4.8785e+14
12186 4.33883e+14
12411.7 2.58907e+14
12637.4 9.00487e+13
12863 -1.80067e+13
13088.7 -6.13641e+13
13314.4 -6.02548e+13
13540 -3.90126e+13
13765.7 -1.56589e+13
13991.4 7.3464e+11
14217.1 8.2782e+12
14442.7 9.06289e+12
14668.4 6.35157e+12
14894.1 2.87423e+12
15119.7 1.99047e+11
15345.4 -1.18377e+12
15571.1 -1.46706e+12
15796.7 -1.11194e+12
16022.4 -5.5842e+11
16248.1 -9.09511e+10
16473.7 1.76878e+11
16699.4 2.54115e+11
16925.1 2.08424e+11
17150.7 1.14894e+11
17376.4 2.7787e+10
17602.1 -2.70501e+10
17827.7 -4.68419e+10
18053.4 -4.16683e+10
18279.1 -2.50194e+10
18504.7 -7.77937e+09
18730.4 4.08184e+09
18956.1 9.13926e+09
19181.7 8.85369e+09
19407.4 5.75962e+09
19633.1 2.14948e+09
19858.7 -5.57435e+08
20084.4 -1.8767e+09
20310.1 -1.99288e+09
20535.7 -1.39968e+09
20761.4 -6.02911e+08
20987.1 4.78428e+07
21212.7 4.03008e+08
21438.4 4.73731e+08
21664.1 3.58517e+08
21889.7 1.73925e+08
22115.4 9.41899e+06
22341.1 -8.97962e+07
22566.7 -1.18567e+08
22792.4 -9.66353e+07
23018.1 -5.19426e+07
23243.7 -8.29746e+06
23469.4 2.05393e+07
23695.1 3.11515e+07
23920.8 2.73659e+07
24146.4 1.6116e+07
24372.1 3.98775e+06
24597.8 -4.74323e+06
24823.4 -8.56457e+06
25049.1 -8.12855e+06
25274.8 -5.2037e+06
25500.4 -1.68138e+06
25726.1 1.07331e+06
25951.8 2.45606e+06
26177.4 2.52874e+06
26403.1 1.75041e+06
26628.8 683821
26854.4 -221683
27080.1 -731470
27305.8 -822210
27531.4 -613156
27757.1 -277295
27982.8 32645.6
28208.4 225556
28434.1 279353
28659.8 224075
28885.4 114440
29111.1 4065.82
29336.8 -71172
29562.4 -98575.3
29788.1 -84944.3
30013.8 -47988.9
30239.4 -7140.77
30465.1 23170.8
30690.8 36489.8
30916.4 33840.6
31142.1 21039
31367.8 5345.65
31593.4 -7287.93
31819.1 -13705.6
32044.8 -13696.7
32270.4 -9172.7
32496.1 -2924.61
32721.8 2524.46
32947.5 5642.55
33173.1 6087.29
33398.8 4471.87
33624.5 1897.3
33850.1 -535.67
34075.8 -2076.74
34301.5 -2467.78
34527.1 -1890.13
34752.8 -787.683
34978.5 344.891
35204.1 1133.13
35429.8 1410.43
35655.5 1217.04
35881.1 734.033
36106.8 189.76
36332.5 -224.781
36558.1 -407.487
36783.8 -355.745
37009.5 -142.959
37235.1 123.247
37460.8 343.59
37686.5 456.893
37912.1 450.771
38137.8 354.341
38363.5 219.436
38589.1 98.8591
38814.8 29.1957
39040.5 22.5869
39266.1 68.0731
39491.8 140.009
39717.5 209.375
39943.1 253.802
40168.8 263.419
40394.5 241.525
40620.1 200.94
40845.8 158.047
41071.5 126.873
41297.1 115.069
41522.8 122.7
41748.5 143.69
41974.1 168.964
42199.8 189.96
42425.5 201.324
42651.2 202.066
42876.8 195.065
43102.5 185.372
43328.2 178.062
43553.8 176.398
43779.5 180.881
44005.2 189.346
44230.8 197.954
44456.5 202.618
44682.2 200.37
44907.8 190.221
45133.5 173.321
45359.2 152.447
45584.8 131.049
45810.5 112.223
46036.2 97.9163
46261.8 88.5815
46487.5 83.3336
46713.2 80.4802
46938.8 78.2155
47164.5 75.2332
47390.2 71.073
47615.8 66.1229
47841.5 61.3188
48067.2 57.6778
48292.8 55.8425
48518.5 55.7917
48744.2 56.809
48969.8 57.7055
49195.5 57.2122
49421.2 54.4058
49646.8 49.0296
49872.5 41.6095
50098.2 33.3329
50323.8 25.7371
50549.5 20.3034
50775.2 18.082
51000.8 19.4527
51226.5 24.0825
51452.2 31.0766
51677.9 39.2636
51903.5 47.5204
52129.2 55.0353
52354.9 61.4393
52580.5 66.7774
52806.2 71.3468
53031.9 75.4701
53257.5 79.2874
53483.2 82.6408
53708.9 85.0913
53934.5 86.0629
54160.2 85.0622
54385.9 81.9
54611.5 76.8348
54837.2 70.5858
55062.9 64.1996
55288.5 58.8053
55514.2 55.3253
55739.9 54.2285
55965.5 55.3997
56191.2 58.17
56416.9 61.501
56642.5 64.2763
56868.2 65.6148
57093.9 65.1174
57319.5 62.9744
57545.2 59.9007
57770.9 56.9169
57996.5 55.0391
58222.2 54.9674
58447.9 56.864
58673.5 60.289
58899.2 64.3122
59124.9 67.7729
59350.5 69.6113
59576.2 69.1777
59801.9 66.4275
60027.5 61.9459
60253.2 56.7932
60478.9 52.2161
60704.5 49.3086
60930.2 48.7227
61155.9 50.5138
61381.6 54.1657
61607.2 58.786
61832.9 63.4105
62058.6 67.3224
62284.2 70.2823
62509.9 72.5976
62735.6 75.0015
62961.2 78.3781
63186.9 83.4157
63412.6 90.3003
63638.2 98.5507
63863.9 107.059
64089.6 114.335
64315.2 118.896
64540.9 119.675
64766.6 116.345
64992.2 109.425
65217.9 100.151
65443.6 90.1265
65669.2 80.865
65894.9 73.3558
66120.6 67.8049
66346.2 63.6348
66571.9 59.7567
66797.6 55.0323
67023.2 48.7752
67248.9 41.1155
67474.6 33.0839
67700.2 26.3571
67925.9 22.7178
68151.6 23.3905
68377.2 28.4761
68602.9 36.6992
68828.6 45.6026
69054.2 52.1831
69279.9 53.8068
69505.6 49.1281
69731.2 38.6919
69956.9 24.9701
70182.6 11.7424
70408.3 2.94759
70633.9 1.33491
70859.6 7.35931
71085.3 18.7445
71310.9 30.963
71536.6 38.5953
71762.3 37.2102
71987.9 25.1669
72213.6 4.6711
72439.3 -18.4238
72664.9 -36.2069
72890.6 -41.3444
73116.3 -29.967
73341.9 -3.77857
73567.6 29.5478
73793.3 58.1662
74018.9 69.7978
74244.6 56.393
74470.3 18.1296
74695.9 -34.915
74921.6 -84.5624
75147.3 -109.874
75372.9 -94.7694
75598.6 -35.5008
75824.3 54.9659
76049.9 148.102
76275.6 207.402
76501.3 201.024
76726.9 115.777
76952.6 -32.7351
77178.3 -198.858
77403.9 -317.407
77629.6 -324.97
77855.3 -186.434
78080.9 82.4844
78306.6 406.982
78532.3 666.733
78757.9 732.268
78983.6 516.223
79209.3 22.9996
79434.9 -624.122
79660.6 -1196.84
79886.3 -1424.23
80112 -1093.66
80337.6 -161.017
80563.3 1172.9
80789 2463.64
81014.6 3128.73
81240.3 2650.16
81466 822.436
81691.6 -2042.93
81917.3 -5060.48
82143 -6941.62
82368.6 -6406.8
82594.3 -2754.12
82820 3601.24
83045.6 10864.3
83271.3 16101.3
83497 16086.5
83722.6 8631.26
83948.3 -5987.52
84174 -24096.2
84399.6 -38820.2
84625.3 -41816.9
84851 -26448.6
85076.6 8388.63
85302.3 55218.1
85528 97473.1
85753.6 112948
85979.3 81512
86205 -4427.52
86430.6 -130211
86656.3 -254868
86882 -317441
87107.6 -255992
87333.3 -36840.4
87559 314484
87784.6 694425
88010.3 930166
88236 826699
88461.6 250425
88687.3 -770973
88913 -1.9719e+06
89138.6 -2.84613e+06
89364.3 -2.76176e+06
89590 -1.2057e+06
89815.7 1.88755e+06
90041.3 5.83626e+06
90267 9.10867e+06
90492.7 9.58908e+06
90718.3 5.30624e+06
90944 -4.45707e+06
91169.7 -1.79986e+07
91395.3 -3.05383e+07
91621 -3.47353e+07
91846.7 -2.28844e+07
92072.3 9.23798e+06
92298 5.77858e+07
92523.7 1.07426e+08
92749.3 1.3171e+08
92975 9.96779e+07
93200.7 -1.04479e+07
93426.3 -1.92791e+08
93652 -3.97132e+08
93877.7 -5.24396e+08
94103.3 -4.45809e+08
94329 -5.28885e+07
94554.7 6.66062e+08
94780.3 1.54529e+09
95006 2.1988e+09
95231.7 2.06931e+09
95457.3 6.14264e+08
95683 -2.36715e+09
95908.7 -6.33906e+09
96134.3 -9.73858e+09
96360 -1.00468e+10
96585.7 -4.48454e+09
96811.3 8.54194e+09
97037 2.74563e+10
97262.7 4.57012e+10
97488.3 5.1347e+10
97714 2.96355e+10
97939.7 -3.04264e+10
98165.3 -1.25741e+11
98391 -2.27979e+11
98616.7 -2.77812e+11
98842.4 -1.93273e+11
99068 9.9331e+10
99293.7 6.09564e+11
99519.4 1.21318e+12
99745 1.59985e+12
99970.7 1.29028e+12
100196 -2.16853e+11
100422 -3.12986e+12
100648 -6.91322e+12
100873 -9.85972e+12
101099 -9.00191e+12
101325 -7.98503e+11
101550 1.70125e+13
101776 4.23662e+13
102002 6.54056e+13
102227 6.65808e+13
102453 1.95291e+13
102679 -9.76205e+13
102904 -2.80559e+14
103130 -4.69973e+14
103356 -5.28212e+14
103581 -2.46048e+14
103807 5.86834e+14
104033 2.01869e+15
104258 3.68419e+15
104484 4.54376e+15
104710 2.80936e+15
104935 -3.62426e+15
105161 -1.58816e+16
105387 -3.17707e+16
105612 -4.28528e+16
105838 -3.25168e+16
106064 2.17729e+16
106289 1.3762e+17
106515 3.0439e+17
106741 4.48541e+17
106966 4.0069e+17
107192 -1.0247e+17
107418 -1.32494e+18
107643 -3.27966e+18
107869 -5.28549e+18
108095 -5.42759e+18
108320 -2.83631e+17
108546 1.43187e+19
108772 4.03558e+19
108997 7.13639e+19
109223 8.31007e+19
109449 2.50792e+19
109674 -1.75851e+20
109900 -5.78688e+20
110126 -1.12956e+21
110351 -1.48185e+21
110577 -7.6996e+20
110803 2.48987e+21
111028 9.94387e+21
111254 2.16291e+22
111480 3.19526e+22
111705 2.31421e+22
111931 -4.12788e+22
112157 -2.13341e+23
112382 -5.24912e+23
112608 -8.78991e+23
112834 -8.20731e+23
113059 8.08228e+23
113285 6.10863e+24
113511 1.7435e+25
113736 3.37025e+25
113962 3.96265e+25
114188 -1.76468e+25
114413 -2.65088e+26
114639 -9.22928e+26
114865 -2.16209e+27
115090 -3.3123e+27
115316 6.00084e+14