0 68.3907
2353.39 18.0831
4706.78 10.582
7060.17 16.9948
9413.56 21.9116
11766.9 24.9144
14120.3 27.4197
16473.7 101.303
18827.1 132.978
21180.5 157.238
23533.9 153.257
25887.3 157.409
28240.7 170.468
30594.1 166.4
32947.5 162.277
35300.8 200.279
37654.2 164.722
40007.6 179.876
42361 176.217
44714.4 162.442
47067.8 67.7065
49421.2 42.9178
51774.6 25.7813
54128 77.6182
56481.3 69.6365
58834.7 71.1889
61188.1 57.2941
63541.5 96.0834
65894.9 78.4417
68248.3 37.2224
70601.7 21.5848
72955.1 3.97817
75308.5 11.8049
77661.8 28.2984
80015.2 23.8325
82368.6 1.49538
84722 3.68808
87075.4 3.87028
89428.8 5.48117
91782.2 1.73983
94135.6 2.69874
96489 1.56643
98842.4 1.71674
101196 2.85819
103549 8.26504
105903 10.5468
108256 6.67959
110609 14.3115
112963 4.70221
115316 4.81082