0 30.5076
48.7775 30.8462
97.555 31.1178
146.332 31.0451
195.11 32.2909
243.887 32.5024
341.442 33.6618
438.997 35.2848
536.552 35.7115
682.885 40.3209
780.44 40.8019
926.772 42.7629
1121.88 44.1008
1268.21 38.9164
1463.32 43.3261
1658.43 41.9884
1853.54 44.0731
2048.65 39.4047
2243.76 39.762
2487.65 40.3774
2731.54 39.258
2975.43 41.1023
3268.09 42.9072
3511.98 45.6702
3804.64 40.7287
4097.31 34.4594
4389.97 36.1703
4682.64 34.8813
4975.3 35.0976
5316.75 37.4781
5609.41 40.9814
5950.85 47
6292.3 55.4918
6633.74 52.3544
6975.18 46.9798
7316.62 49.2487
7706.84 49.9795
8048.29 52.9606
8438.51 70.0788
8779.95 60.2048
9170.17 67.1258
9560.39 73.9425
9950.61 74.0579
10340.8 67.2032
10682.3 72.2559
11072.5 73.0377
11462.7 65.99
11852.9 59.0877
12243.1 54.3445
12682.1 56.6305
13072.4 62.5932
13462.6 61.4503
13852.8 61.9241
14243 66.2845
14584.5 66.7813
14974.7 65.8752
15364.9 68.513
15755.1 70.7687
16145.3 69.6017
16486.8 71.9238
16877 75.042
17218.5 69.9423
17608.7 77.6253
17950.1 82.36
18291.6 79.7271
18633 92
18974.4 93.1604
19315.9 100.322
19608.6 94.4303
19950 89.0919
20242.7 87.0846
20535.3 91.8765
20828 96.0779
21120.7 87.5884
21413.3 86.4682
21657.2 87.2692
21949.9 92.0212
22193.8 73.6637
22437.6 70.6965
22681.5 80.2235
22876.6 82.686
23071.8 80.6712
23266.9 77.2681
23462 75.17
23657.1 80.4813
23803.4 86.7514
23998.5 87.6866
24144.9 86.1995
24242.4 86.3522
24388.7 87.6738
24486.3 88.037
24583.9 90.6004
24681.4 92.8807
24730.2 93.1776
24779 94.5823
24827.7 96.3621
24876.5 96.6592
24925.3 97.0097