0 68.3907
225.667 64.7133
451.335 57.3482
677.002 55.1324
902.67 41.5791
1128.34 31.4428
1579.67 26.2994
2031.01 20.9675
2482.34 15.3386
3159.34 10.4366
3610.68 9.63422
4287.68 8.97222
5190.35 9.78228
5867.35 9.6103
6770.02 10.1066
7672.69 19.8544
8575.36 20.5587
9478.03 21.9116
10380.7 18.42
11509 24.068
12637.4 21.3158
13765.7 24.7174
15119.7 69.6492
16248.1 86.5496
17602.1 140.784
18956.1 126.846
20310.1 151.712
21664.1 157.104
23018.1 149.66
24597.8 157.665
25951.8 157.409
27531.4 172.048
29111.1 183.016
30690.8 166.4
32270.4 164.926
33850.1 156.212
35655.5 199.789
37235.1 166.64
39040.5 175.844
40620.1 176.167
42425.5 176.217
44230.8 198.939
46036.2 91.0015
47841.5 63.0287
49421.2 42.9178
51226.5 24.7631
53031.9 82.0075
54837.2 73.191
56642.5 72.8062
58673.5 60.3877
60478.9 50.7912
62284.2 66.3391
64089.6 113.636
65894.9 78.4417
67474.6 30.3172
69279.9 35.5031
71085.3 16.9618
72890.6 3.97817
74695.9 1.37929
76275.6 15.1974
78080.9 29.5606
79660.6 26.9775
81466 5.97463
83045.6 3.31225
84625.3 3.68808
86205 2.65196
87784.6 3.57833
89364.3 5.48117
90718.3 10.0584
92298 1.91051
93652 1.32672
95006 3.16994
96360 2.09663
97714 4.94338
99068 5.19358
100196 2.42448
101550 2.34808
102679 17.3425
103807 4.99291
104935 12.7547
105838 10.5468
106741 11.5153
107643 11.3195
108546 4.49016
109449 12.579
110126 10.3186
111028 16.0716
111705 13.9693
112157 10.4989
112834 5.4178
113285 5.13686
113736 3.09884
114188 3.20087
114413 2.93808
114639 3.01607
114865 1.96116
115090 1.29428
115316 4.81082