0 70.9424
225.667 64.7133
451.335 57.9809
677.002 51.0808
902.67 44.2803
1128.34 37.7869
1354 31.7563
1579.67 26.2994
1805.34 21.4889
2031.01 17.3655
2256.67 13.9427
2482.34 11.2122
2708.01 9.14759
2933.68 7.70872
3159.34 6.84478
3385.01 6.49732
3610.68 6.60287
3836.35 7.09517
4062.01 7.90708
4287.68 8.97222
4513.35 10.2263
4739.02 11.6083
4964.68 13.0613
5190.35 14.5332
5416.02 15.977
5641.69 17.3516
5867.35 18.6218
6093.02 19.7583
6318.69 20.7375
6544.36 21.542
6770.02 22.1598
6995.69 22.5843
7221.36 22.814
7447.03 22.8522
7672.69 22.7063
7898.36 22.3877
8124.03 21.9113
8349.7 21.2948
8575.36 20.5587
8801.03 19.7255
9026.7 18.8193
9252.37 17.8657
9478.03 16.8909
9703.7 15.9216
9929.37 14.9846
10155 14.1064
10380.7 13.313
10606.4 12.6293
10832 12.0792
11057.7 11.6852
11283.4 11.4682
11509 11.4473
11734.7 11.6395
11960.4 12.0601
12186 12.7218
12411.7 13.6355
12637.4 14.8094
12863 16.2497
13088.7 17.9603
13314.4 19.9426
13540 22.1959
13765.7 24.7174
13991.4 27.502
14217.1 30.5429
14442.7 33.831
14668.4 37.3557
14894.1 41.1047
15119.7 45.0641
15345.4 49.2187
15571.1 53.5519
15796.7 58.0464
16022.4 62.6835
16248.1 67.4442
16473.7 72.3085
16699.4 77.2562
16925.1 82.2667
17150.7 87.3193
17376.4 92.3934
17602.1 97.4684
17827.7 102.524
18053.4 107.54
18279.1 112.498
18504.7 117.379
18730.4 122.165
18956.1 126.839
19181.7 131.385
19407.4 135.789
19633.1 140.035
19858.7 144.112
20084.4 148.007
20310.1 151.712
20535.7 155.216
20761.4 158.513
20987.1 161.596
21212.7 164.46
21438.4 167.101
21664.1 169.519
21889.7 171.71
22115.4 173.677
22341.1 175.421
22566.7 176.944
22792.4 178.251
23018.1 179.347
23243.7 180.238
23469.4 180.932
23695.1 181.437
23920.8 181.762
24146.4 181.916
24372.1 181.911
24597.8 181.758
24823.4 181.468
25049.1 181.053
25274.8 180.528
25500.4 179.903
25726.1 179.194
25951.8 178.412
26177.4 177.573
26403.1 176.688
26628.8 175.771
26854.4 174.836
27080.1 173.896
27305.8 172.962
27531.4 172.048
27757.1 171.165
27982.8 170.325
28208.4 169.538
28434.1 168.814
28659.8 168.164
28885.4 167.595
29111.1 167.117
29336.8 166.736
29562.4 166.458
29788.1 166.291
30013.8 166.238
30239.4 166.304
30465.1 166.491
30690.8 166.803
30916.4 167.24
31142.1 167.804
31367.8 168.494
31593.4 169.308
31819.1 170.246
32044.8 171.304
32270.4 172.479
32496.1 173.767
32721.8 175.163
32947.5 176.66
33173.1 178.254
33398.8 179.936
33624.5 181.7
33850.1 183.537
34075.8 185.439
34301.5 187.398
34527.1 189.403
34752.8 191.446
34978.5 193.516
35204.1 195.603
35429.8 197.698
35655.5 199.789
35881.1 201.866
36106.8 203.919
36332.5 205.938
36558.1 207.911
36783.8 209.829
37009.5 211.682
37235.1 213.459
37460.8 215.152
37686.5 216.751
37912.1 218.247
38137.8 219.632
38363.5 220.897
38589.1 222.035
38814.8 223.039
39040.5 223.903
39266.1 224.62
39491.8 225.185
39717.5 225.592
39943.1 225.839
40168.8 225.921
40394.5 225.835
40620.1 225.578
40845.8 225.15
41071.5 224.55
41297.1 223.776
41522.8 222.829
41748.5 221.71
41974.1 220.421
42199.8 218.964
42425.5 217.342
42651.2 215.557
42876.8 213.615
43102.5 211.52
43328.2 209.276
43553.8 206.89
43779.5 204.367
44005.2 201.715
44230.8 198.939
44456.5 196.047
44682.2 193.048
44907.8 189.948
45133.5 186.757
45359.2 183.482
45584.8 180.134
45810.5 176.719
46036.2 173.249
46261.8 169.731
46487.5 166.175
46713.2 162.59
46938.8 158.986
47164.5 155.371
47390.2 151.755
47615.8 148.147
47841.5 144.555
48067.2 140.989
48292.8 137.455
48518.5 133.964
48744.2 130.521
48969.8 127.136
49195.5 123.814
49421.2 120.563
49646.8 117.39
49872.5 114.299
50098.2 111.298
50323.8 108.39
50549.5 105.58
50775.2 102.874
51000.8 100.273
51226.5 97.782
51452.2 95.4031
51677.9 93.1385
51903.5 90.9898
52129.2 88.9582
52354.9 87.0442
52580.5 85.2482
52806.2 83.5695
53031.9 82.0075
53257.5 80.5608
53483.2 79.2276
53708.9 78.0056
53934.5 76.8922
54160.2 75.8844
54385.9 74.9785
54611.5 74.1708
54837.2 73.457
55062.9 72.8327
55288.5 72.2929
55514.2 71.8326
55739.9 71.4464
55965.5 71.1288
56191.2 70.8739
56416.9 70.6759
56642.5 70.5286
56868.2 70.4259
57093.9 70.3616
57319.5 70.3294
57545.2 70.323
57770.9 70.336
57996.5 70.3624
58222.2 70.3958
58447.9 70.4304
58673.5 70.4601
58899.2 70.4793
59124.9 70.4822
59350.5 70.4637
59576.2 70.4185
59801.9 70.3418
60027.5 70.229
60253.2 70.0759
60478.9 69.8783
60704.5 69.6327
60930.2 69.3359
61155.9 68.9848
61381.6 68.5768
61607.2 68.1099
61832.9 67.5822
62058.6 66.9923
62284.2 66.3391
62509.9 65.6222
62735.6 64.8413
62961.2 63.9966
63186.9 63.0886
63412.6 62.1184
63638.2 61.0874
63863.9 59.9972
64089.6 58.8499
64315.2 57.648
64540.9 56.3944
64766.6 55.0919
64992.2 53.7442
65217.9 52.3547
65443.6 50.9276
65669.2 49.4669
65894.9 47.9771
66120.6 46.4627
66346.2 44.9285
66571.9 43.3794
66797.6 41.8204
67023.2 40.2567
67248.9 38.6934
67474.6 37.1357
67700.2 35.5889
67925.9 34.0582
68151.6 32.5487
68377.2 31.0655
68602.9 29.6136
68828.6 28.1979
69054.2 26.8231
69279.9 25.4936
69505.6 24.214
69731.2 22.9882
69956.9 21.8202
70182.6 20.7135
70408.3 19.6715
70633.9 18.6971
70859.6 17.7931
71085.3 16.9618
71310.9 16.2053
71536.6 15.5251
71762.3 14.9225
71987.9 14.3985
72213.6 13.9535
72439.3 13.5877
72664.9 13.3007
72890.6 13.092
73116.3 12.9605
73341.9 12.9047
73567.6 12.9229
73793.3 13.0128
74018.9 13.1718
74244.6 13.3972
74470.3 13.6857
74695.9 14.0336
74921.6 14.4372
75147.3 14.8923
75372.9 15.3946
75598.6 15.9393
75824.3 16.5216
76049.9 17.1365
76275.6 17.7788
76501.3 18.4431
76726.9 19.1239
76952.6 19.8156
77178.3 20.5128
77403.9 21.2098
77629.6 21.9009
77855.3 22.5807
78080.9 23.2436
78306.6 23.8841
78532.3 24.4971
78757.9 25.0775
78983.6 25.6203
79209.3 26.1208
79434.9 26.5746
79660.6 26.9775
79886.3 27.3257
80112 27.6155
80337.6 27.8437
80563.3 28.0076
80789 28.1046
81014.6 28.1326
81240.3 28.0901
81466 27.9756
81691.6 27.7886
81917.3 27.5285
82143 27.1955
82368.6 26.7901
82594.3 26.3132
82820 25.7664
83045.6 25.1514
83271.3 24.4706
83497 23.7266
83722.6 22.9226
83948.3 22.0622
84174 21.1491
84399.6 20.1876
84625.3 19.1823
84851 18.138
85076.6 17.06
85302.3 15.9534
85528 14.824
85753.6 13.6774
85979.3 12.5197
86205 11.3567
86430.6 10.1946
86656.3 9.03943
86882 7.89733
87107.6 6.7743
87333.3 5.67628
87559 4.60908
87784.6 3.57833
88010.3 2.58943
88236 1.64755
88461.6 0.757563
88687.3 -0.0759933
88913 -0.848935
89138.6 -1.55748
89364.3 -2.19826
89590 -2.76838
89815.7 -3.2654
90041.3 -3.68741
90267 -4.03299
90492.7 -4.30129
90718.3 -4.49198
90944 -4.60531
91169.7 -4.64208
91395.3 -4.60365
91621 -4.49196
91846.7 -4.30948
92072.3 -4.05923
92298 -3.74473
92523.7 -3.37004
92749.3 -2.93965
92975 -2.45852
93200.7 -1.93201
93426.3 -1.36585
93652 -0.766095
93877.7 -0.13909
94103.3 0.508602
94329 1.17024
94554.7 1.83896
94780.3 2.50783
95006 3.16994
95231.7 3.81843
95457.3 4.44656
95683 5.04781
95908.7 5.61589
96134.3 6.14485
96360 6.62912
96585.7 7.06361
96811.3 7.4437
97037 7.76538
97262.7 8.02523
97488.3 8.22055
97714 8.34933
97939.7 8.41032
98165.3 8.40309
98391 8.32803
98616.7 8.18636
98842.4 7.98018
99068 7.71244
99293.7 7.38695
99519.4 7.00836
99745 6.58214
99970.7 6.11455
100196 5.61259
100422 5.08394
100648 4.53691
100873 3.98034
101099 3.42352
101325 2.87613
101550 2.34808
101776 1.84942
102002 1.39023
102227 0.980457
102453 0.629802
102679 0.34757
102904 0.142523
103130 0.0227333
103356 -0.00457089
103581 0.0668518
103807 0.242108
104033 0.525032
104258 0.918052
104484 1.42207
104710 2.03636
104935 2.75846
105161 3.58411
105387 4.50721
105612 5.51975
105838 6.61188
106064 7.77185
106289 8.98614
106515 10.2395
106741 11.5153
106966 12.7952
107192 14.0599
107418 15.2892
107643 16.4621
107869 17.5575
108095 18.5544
108320 19.4322
108546 20.1713
108772 20.7537
108997 21.1633
109223 21.3864
109449 21.4126
109674 21.2349
109900 20.8504
110126 20.261
110351 19.4735
110577 18.4999
110803 17.3581
111028 16.0716
111254 14.6696
111480 13.1867
111705 11.6621
111931 10.1393
112157 8.66443
112382 7.28471
112608 6.04626
112834 4.99133
113059 4.15484
113285 3.56009
113511 3.21359
113736 3.09884
113962 3.16898
114188 3.33801
114413 3.47066
114639 3.37041
114865 2.76575
115090 1.29428
115316 -1.51556