0 60.2901
1.13238 60.289
2.26477 60.288
3.39715 60.2873
4.52953 60.287
5.66192 60.2872
6.7943 60.288
7.92668 60.2893
9.05907 60.2907
10.1915 60.2919
11.3238 60.2927
12.4562 60.2927
13.5886 60.2922
14.721 60.2916
15.8534 60.2915
16.9858 60.2923
18.1181 60.2945
19.2505 60.2973
20.3829 60.2988
21.5153 60.2971
22.6477 60.2903
23.7801 60.2764
24.9124 60.2551
26.0448 60.2281
27.1772 60.1971
28.3096 60.1643
29.442 60.1313
30.5744 60.0994
31.7067 60.0676
32.8391 60.035
33.9715 60.0005
35.1039 59.9629
36.2363 59.9218
37.3687 59.8784
38.501 59.8344
39.6334 59.7914
40.7658 59.7512
41.8982 59.7153
43.0306 59.6836
44.163 59.6556
45.2953 59.6307
46.4277 59.6085
47.5601 59.5885
48.6925 59.5699
49.8249 59.552
50.9573 59.5342
52.0896 59.5157
53.222 59.4959
54.3544 59.475
55.4868 59.4543
56.6192 59.4347
57.7516 59.4176
58.8839 59.4041
60.0163 59.3942
61.1487 59.3868
62.2811 59.3806
63.4135 59.3742
64.5459 59.3665
65.6782 59.3578
66.8106 59.3526
67.943 59.3556
69.0754 59.3716
70.2078 59.4054
71.3402 59.4603
72.4725 59.5345
73.6049 59.6251
74.7373 59.7293
75.8697 59.8442
77.0021 59.9664
78.1345 60.0894
79.2668 60.2056
80.3992 60.3076
81.5316 60.3879
82.664 60.4397
83.7964 60.4657
84.9288 60.4728
86.0611 60.4683
87.1935 60.4595
88.3259 60.4531
89.4583 60.451
90.5907 60.4505
91.7231 60.4489
92.8554 60.4437
93.9878 60.4322
95.1202 60.4141
96.2526 60.3921
97.385 60.3693
98.5174 60.3484
99.6497 60.3324
100.782 60.3229
101.915 60.3188
103.047 60.319
104.179 60.3221
105.312 60.3268
106.444 60.3325
107.576 60.3398
108.709 60.3498
109.841 60.3637
110.974 60.3823
112.106 60.4065
113.238 60.4348
114.371 60.4653
115.503 60.496
116.636 60.525
117.768 60.5506
118.9 60.5723
120.033 60.5903
121.165 60.6048
122.297 60.6162
123.43 60.6247
124.562 60.6314
125.695 60.638
126.827 60.6461
127.959 60.6575
129.092 60.6738
130.224 60.6954
131.356 60.7214
132.489 60.7508
133.621 60.7827
134.754 60.8159
135.886 60.849
137.018 60.8798
138.151 60.906
139.283 60.9252
140.416 60.9352
141.548 60.9348
142.68 60.9268
143.813 60.9144
144.945 60.9009
146.077 60.8897
147.21 60.8832
148.342 60.8809
149.475 60.8813
150.607 60.883
151.739 60.8845
152.872 60.8845
154.004 60.8836
155.137 60.8834
156.269 60.8852
157.401 60.8905
158.534 60.9006
159.666 60.9152
160.798 60.9329
161.931 60.9524
163.063 60.9722
164.196 60.991
165.328 61.0087
166.46 61.0265
167.593 61.0459
168.725 61.0681
169.858 61.0944
170.99 61.1254
172.122 61.1596
173.255 61.1958
174.387 61.2324
175.519 61.2683
176.652 61.3023
177.784 61.3348
178.917 61.366
180.049 61.3964
181.181 61.4263
182.314 61.456
183.446 61.4853
184.579 61.5137
185.711 61.5408
186.843 61.5664
187.976 61.59
189.108 61.6119
190.24 61.6323
191.373 61.6517
192.505 61.6703
193.638 61.6886
194.77 61.7066
195.902 61.7242
197.035 61.7413
198.167 61.7579
199.299 61.7738
200.432 61.7893
201.564 61.8049
202.697 61.8212
203.829 61.8386
204.961 61.8578
206.094 61.8788
207.226 61.9012
208.359 61.9245
209.491 61.9483
210.623 61.9722
211.756 61.9956
212.888 62.0186
214.02 62.0409
215.153 62.0624
216.285 62.0831
217.418 62.1028
218.55 62.1213
219.682 62.1382
220.815 62.1533
221.947 62.1662
223.08 62.1769
224.212 62.1857
225.344 62.1932
226.477 62.2001
227.609 62.207
228.741 62.2146
229.874 62.2233
231.006 62.2335
232.139 62.2456
233.271 62.26
234.403 62.2771
235.536 62.2966
236.668 62.3177
237.801 62.3396
238.933 62.3615
240.065 62.3825
241.198 62.4021
242.33 62.4206
243.462 62.4381
244.595 62.4547
245.727 62.4706
246.86 62.4858
247.992 62.5002
249.124 62.5133
250.257 62.525
251.389 62.5349
252.522 62.5428
253.654 62.5483
254.786 62.5512
255.919 62.5512
257.051 62.5479
258.183 62.5411
259.316 62.5313
260.448 62.5188
261.581 62.5041
262.713 62.4877
263.845 62.4702
264.978 62.4517
266.11 62.4325
267.243 62.4129
268.375 62.393
269.507 62.373
270.64 62.3527
271.772 62.3313
272.904 62.3083
274.037 62.2828
275.169 62.2544
276.302 62.223
277.434 62.1894
278.566 62.1548
279.699 62.1201
280.831 62.0862
281.963 62.0535
283.096 62.0213
284.228 61.9886
285.361 61.9546
286.493 61.9183
287.625 61.8794
288.758 61.8401
289.89 61.8025
291.023 61.7693
292.155 61.7426
293.287 61.7243
294.42 61.7135
295.552 61.7081
296.684 61.7063
297.817 61.706
298.949 61.7055
300.082 61.7048
301.214 61.7045
302.346 61.7054
303.479 61.7083
304.611 61.7138
305.744 61.722
306.876 61.7322
308.008 61.744
309.141 61.7567
310.273 61.7697
311.405 61.783
312.538 61.7971
313.67 61.8124
314.803 61.8297
315.935 61.8493
317.067 61.8711
318.2 61.8938
319.332 61.9159
320.465 61.9359
321.597 61.9523
322.729 61.9642
323.862 61.9723
324.994 61.9777
326.126 61.9815
327.259 61.9847
328.391 61.9882
329.524 61.9919
330.656 61.9953
331.788 61.998
332.921 61.9997
334.053 62
335.186 61.9988
336.318 61.9961
337.45 61.9921
338.583 61.9867
339.715 61.9802
340.847 61.9727
341.98 61.9647
343.112 61.9567
344.245 61.9491
345.377 61.9422
346.509 61.9358
347.642 61.9288
348.774 61.92
349.907 61.9084
351.039 61.8927
352.171 61.8727
353.304 61.8496
354.436 61.8246
355.568 61.799
356.701 61.7742
357.833 61.7512
358.966 61.7307
360.098 61.7133
361.23 61.6995
362.363 61.69
363.495 61.6851
364.627 61.6839
365.76 61.6854
366.892 61.6885
368.025 61.6921
369.157 61.6952
370.289 61.6981
371.422 61.7012
372.554 61.7052
373.687 61.7107
374.819 61.7182
375.951 61.7271
377.084 61.736
378.216 61.7437
379.348 61.7487
380.481 61.7499
381.613 61.7469
382.746 61.7405
383.878 61.7318
385.01 61.7215
386.143 61.7106
387.275 61.6994
388.408 61.6872
389.54 61.6734
390.672 61.6573
391.805 61.6382
392.937 61.6158
394.069 61.5904
395.202 61.5627
396.334 61.5332
397.467 61.5025
398.599 61.4708
399.731 61.4379
400.864 61.4029
401.996 61.3655
403.129 61.3248
404.261 61.2807
405.393 61.2347
406.526 61.1893
407.658 61.147
408.79 61.1101
409.923 61.0809
411.055 61.0592
412.188 61.0435
413.32 61.032
414.452 61.0232
415.585 61.0155
416.717 61.0089
417.85 61.0043
418.982 61.0029
420.114 61.006
421.247 61.0148
422.379 61.0293
423.511 61.0484
424.644 61.0709
425.776 61.0953
426.909 61.1204
428.041 61.1455
429.173 61.1715
430.306 61.1995
431.438 61.2304
432.571 61.2652
433.703 61.3042
434.835 61.3439
435.968 61.3803
437.1 61.4094
438.232 61.4271
439.365 61.4303
440.497 61.4212
441.63 61.4039
442.762 61.3825
443.894 61.3611
445.027 61.3434
446.159 61.3288
447.291 61.3147
448.424 61.298
449.556 61.276
450.689 61.2461
451.821 61.2088
452.953 61.1679
454.086 61.1272
455.218 61.0903
456.351 61.0609
457.483 61.0403
458.615 61.0261
459.748 61.0158
460.88 61.0071
462.012 60.9975
463.145 60.9857
464.277 60.973
465.41 60.9607
466.542 60.9504
467.674 60.9435
468.807 60.9411
469.939 60.9427
471.072 60.9476
472.204 60.9551
473.336 60.9644
474.469 60.9748
475.601 60.9863
476.733 60.9989
477.866 61.0126
478.998 61.0276
480.131 61.0438
481.263 61.0611
482.395 61.0794
483.528 61.0985
484.66 61.1182
485.793 61.1383
486.925 61.1586
488.057 61.1787
489.19 61.1983
490.322 61.2171
491.454 61.2346
492.587 61.2508
493.719 61.2656
494.852 61.2793
495.984 61.2917
497.116 61.303
498.249 61.3131
499.381 61.3217
500.514 61.3284
501.646 61.3329
502.778 61.3347
503.911 61.3336
505.043 61.3292
506.175 61.3213
507.308 61.3094
508.44 61.2933
509.573 61.2729
510.705 61.2486
511.837 61.2214
512.97 61.1918
514.102 61.1608
515.235 61.129
516.367 61.0965
517.499 61.063
518.632 61.0283
519.764 60.992
520.896 60.9542
522.029 60.9157
523.161 60.8789
524.294 60.8457
525.426 60.8182
526.558 60.7986
527.691 60.787
528.823 60.7819
529.955 60.7816
531.088 60.7842
532.22 60.7881
533.353 60.7924
534.485 60.798
535.617 60.8059
536.75 60.817
537.882 60.8324
539.015 60.8523
540.147 60.8748
541.279 60.8976
542.412 60.9185
543.544 60.9353
544.676 60.9462
545.809 60.9523
546.941 60.955
548.074 60.9561
549.206 60.957
550.338 60.9592
551.471 60.9622
552.603 60.9651
553.736 60.9667
554.868 60.9658
556 60.9615
557.133 60.9539
558.265 60.9437
559.397 60.9316
560.53 60.9187
561.662 60.9055
562.795 60.8924
563.927 60.879
565.059 60.8651
566.192 60.8503
567.324 60.8343
568.457 60.817
569.589 60.7989
570.721 60.7803
571.854 60.7618
572.986 60.7437
574.118 60.7263
575.251 60.7096
576.383 60.6933
577.516 60.6773
578.648 60.6615