0 30.5076
48.7775 31.4245
97.555 32.3042
146.332 33.1466
195.11 33.952
243.887 34.7204
292.665 35.4522
341.442 36.1476
390.22 36.807
438.997 37.4308
487.775 38.0194
536.552 38.5732
585.33 39.0929
634.107 39.5788
682.885 40.0318
731.662 40.4522
780.44 40.8408
829.217 41.1983
877.995 41.5253
926.772 41.8226
975.55 42.0909
1024.33 42.3309
1073.1 42.5435
1121.88 42.7294
1170.66 42.8895
1219.44 43.0245
1268.21 43.1354
1316.99 43.2228
1365.77 43.2878
1414.55 43.3312
1463.32 43.3537
1512.1 43.3564
1560.88 43.34
1609.66 43.3055
1658.43 43.2537
1707.21 43.1854
1755.99 43.1016
1804.77 43.0032
1853.54 42.891
1902.32 42.7658
1951.1 42.6285
1999.88 42.48
2048.65 42.3212
2097.43 42.1527
2146.21 41.9756
2194.99 41.7905
2243.76 41.5984
2292.54 41.3999
2341.32 41.1959
2390.1 40.9872
2438.87 40.7745
2487.65 40.5585
2536.43 40.3401
2585.21 40.1198
2633.98 39.8984
2682.76 39.6767
2731.54 39.4552
2780.32 39.2346
2829.09 39.0156
2877.87 38.7988
2926.65 38.5848
2975.43 38.3741
3024.2 38.1674
3072.98 37.9653
3121.76 37.7682
3170.54 37.5766
3219.31 37.3911
3268.09 37.2122
3316.87 37.0402
3365.65 36.8758
3414.42 36.7192
3463.2 36.5709
3511.98 36.4312
3560.76 36.3007
3609.53 36.1795
3658.31 36.0681
3707.09 35.9667
3755.87 35.8757
3804.64 35.7953
3853.42 35.7258
3902.2 35.6674
3950.98 35.6203
3999.75 35.5849
4048.53 35.5611
4097.31 35.5493
4146.09 35.5496
4194.86 35.5621
4243.64 35.5868
4292.42 35.624
4341.2 35.6738
4389.97 35.736
4438.75 35.811
4487.53 35.8985
4536.31 35.9988
4585.08 36.1117
4633.86 36.2374
4682.64 36.3756
4731.42 36.5265
4780.19 36.69
4828.97 36.8659
4877.75 37.0542
4926.53 37.2549
4975.3 37.4677
5024.08 37.6926
5072.86 37.9295
5121.64 38.1781
5170.41 38.4384
5219.19 38.7101
5267.97 38.9931
5316.75 39.2872
5365.52 39.5922
5414.3 39.9079
5463.08 40.234
5511.86 40.5704
5560.63 40.9167
5609.41 41.2727
5658.19 41.6383
5706.97 42.013
5755.74 42.3966
5804.52 42.7889
5853.3 43.1895
5902.08 43.5982
5950.85 44.0147
5999.63 44.4386
6048.41 44.8696
6097.19 45.3075
6145.96 45.7518
6194.74 46.2023
6243.52 46.6587
6292.3 47.1206
6341.07 47.5876
6389.85 48.0594
6438.63 48.5358
6487.41 49.0162
6536.18 49.5005
6584.96 49.9882
6633.74 50.4789
6682.52 50.9724
6731.29 51.4682
6780.07 51.9661
6828.85 52.4656
6877.63 52.9665
6926.4 53.4683
6975.18 53.9707
7023.96 54.4734
7072.74 54.9759
7121.51 55.478
7170.29 55.9794
7219.07 56.4796
7267.85 56.9783
7316.62 57.4752
7365.4 57.9699
7414.18 58.4622
7462.96 58.9517
7511.73 59.438
7560.51 59.9209
7609.29 60.4
7658.07 60.8751
7706.84 61.3457
7755.62 61.8117
7804.4 62.2727
7853.18 62.7284
7901.95 63.1785
7950.73 63.6229
7999.51 64.0611
8048.29 64.4929
8097.06 64.9182
8145.84 65.3365
8194.62 65.7477
8243.4 66.1515
8292.17 66.5478
8340.95 66.9362
8389.73 67.3165
8438.51 67.6886
8487.28 68.0523
8536.06 68.4073
8584.84 68.7535
8633.62 69.0907
8682.39 69.4187
8731.17 69.7373
8779.95 70.0465
8828.73 70.346
8877.5 70.6357
8926.28 70.9155
8975.06 71.1854
9023.84 71.445
9072.61 71.6945
9121.39 71.9336
9170.17 72.1623
9218.95 72.3805
9267.72 72.5882
9316.5 72.7853
9365.28 72.9717
9414.06 73.1474
9462.83 73.3124
9511.61 73.4667
9560.39 73.6102
9609.17 73.7429
9657.94 73.8649
9706.72 73.9761
9755.5 74.0767
9804.28 74.1665
9853.05 74.2457
9901.83 74.3143
9950.61 74.3723
9999.39 74.4199
10048.2 74.4571
10096.9 74.484
10145.7 74.5007
10194.5 74.5072
10243.3 74.5037
10292.1 74.4904
10340.8 74.4672
10389.6 74.4344
10438.4 74.3922
10487.2 74.3405
10535.9 74.2797
10584.7 74.2098
10633.5 74.1311
10682.3 74.0437
10731 73.9477
10779.8 73.8435
10828.6 73.7311
10877.4 73.6108
10926.2 73.4828
10974.9 73.3473
11023.7 73.2046
11072.5 73.0548
11121.3 72.8982
11170 72.735
11218.8 72.5655
11267.6 72.3899
11316.4 72.2085
11365.2 72.0215
11413.9 71.8292
11462.7 71.6319
11511.5 71.4298
11560.3 71.2232
11609 71.0124
11657.8 70.7977
11706.6 70.5794
11755.4 70.3577
11804.2 70.1329
11852.9 69.9054
11901.7 69.6754
11950.5 69.4432
11999.3 69.2092
12048 68.9736
12096.8 68.7368
12145.6 68.499
12194.4 68.2605
12243.1 68.0217
12291.9 67.7829
12340.7 67.5443
12389.5 67.3064
12438.3 67.0693
12487 66.8334
12535.8 66.5991
12584.6 66.3665
12633.4 66.1361
12682.1 65.9082
12730.9 65.6829
12779.7 65.4607
12828.5 65.2418
12877.3 65.0266
12926 64.8153
12974.8 64.6082
13023.6 64.4056
13072.4 64.2079
13121.1 64.0152
13169.9 63.8279
13218.7 63.6462
13267.5 63.4704
13316.3 63.3008
13365 63.1377
13413.8 62.9812
13462.6 62.8317
13511.4 62.6894
13560.1 62.5546
13608.9 62.4275
13657.7 62.3082
13706.5 62.1972
13755.3 62.0945
13804 62.0004
13852.8 61.915
13901.6 61.8387
13950.4 61.7716
13999.1 61.7138
14047.9 61.6656
14096.7 61.6272
14145.5 61.5986
14194.2 61.5801
14243 61.5718
14291.8 61.5739
14340.6 61.5864
14389.4 61.6096
14438.1 61.6434
14486.9 61.6881
14535.7 61.7438
14584.5 61.8105
14633.2 61.8883
14682 61.9772
14730.8 62.0774
14779.6 62.189
14828.4 62.3118
14877.1 62.4461
14925.9 62.5917
14974.7 62.7488
15023.5 62.9173
15072.2 63.0973
15121 63.2887
15169.8 63.4914
15218.6 63.7055
15267.4 63.931
15316.1 64.1677
15364.9 64.4156
15413.7 64.6746
15462.5 64.9446
15511.2 65.2257
15560 65.5175
15608.8 65.8201
15657.6 66.1333
15706.4 66.4569
15755.1 66.7909
15803.9 67.1351
15852.7 67.4892
15901.5 67.8532
15950.2 68.2268
15999 68.6098
16047.8 69.0021
16096.6 69.4034
16145.3 69.8135
16194.1 70.2322
16242.9 70.6591
16291.7 71.0942
16340.5 71.537
16389.2 71.9873
16438 72.4449
16486.8 72.9094
16535.6 73.3805
16584.3 73.858
16633.1 74.3415
16681.9 74.8307
16730.7 75.3252
16779.5 75.8247
16828.2 76.3289
16877 76.8374
16925.8 77.3497
16974.6 77.8657
17023.3 78.3848
17072.1 78.9067
17120.9 79.431
17169.7 79.9572
17218.5 80.4851
17267.2 81.014
17316 81.5438
17364.8 82.0738
17413.6 82.6037
17462.3 83.1331
17511.1 83.6615
17559.9 84.1884
17608.7 84.7135
17657.5 85.2362
17706.2 85.7561
17755 86.2727
17803.8 86.7857
17852.6 87.2945
17901.3 87.7986
17950.1 88.2976
17998.9 88.791
18047.7 89.2784
18096.4 89.7593
18145.2 90.2332
18194 90.6996
18242.8 91.1581
18291.6 91.6082
18340.3 92.0494
18389.1 92.4813
18437.9 92.9035
18486.7 93.3154
18535.4 93.7166
18584.2 94.1066
18633 94.485
18681.8 94.8514
18730.6 95.2054
18779.3 95.5464
18828.1 95.874
18876.9 96.1879
18925.7 96.4877
18974.4 96.7729
19023.2 97.0431
19072 97.2979
19120.8 97.537
19169.6 97.76
19218.3 97.9666
19267.1 98.1563
19315.9 98.3289
19364.7 98.484
19413.4 98.6213
19462.2 98.7405
19511 98.8413
19559.8 98.9235
19608.6 98.9868
19657.3 99.0309
19706.1 99.0557
19754.9 99.0608
19803.7 99.0462
19852.4 99.0116
19901.2 98.9568
19950 98.8818
19998.8 98.7864
20047.5 98.6706
20096.3 98.5341
20145.1 98.377
20193.9 98.1992
20242.7 98.0007
20291.4 97.7814
20340.2 97.5415
20389 97.281
20437.8 96.9999
20486.5 96.6984
20535.3 96.3765
20584.1 96.0344
20632.9 95.6724
20681.7 95.2905
20730.4 94.889
20779.2 94.4681
20828 94.0283
20876.8 93.5696
20925.5 93.0926
20974.3 92.5976
21023.1 92.085
21071.9 91.5551
21120.7 91.0086
21169.4 90.4458
21218.2 89.8674
21267 89.2738
21315.8 88.6657
21364.5 88.0437
21413.3 87.4084
21462.1 86.7607
21510.9 86.1011
21559.7 85.4305
21608.4 84.7497
21657.2 84.0594
21706 83.3607
21754.8 82.6545
21803.5 81.9415
21852.3 81.223
21901.1 80.4999
21949.9 79.7732
21998.6 79.0441
22047.4 78.3137
22096.2 77.5833
22145 76.854
22193.8 76.1272
22242.5 75.404
22291.3 74.686
22340.1 73.9744
22388.9 73.2707
22437.6 72.5764
22486.4 71.8929
22535.2 71.222
22584 70.565
22632.8 69.9238
22681.5 69.2999
22730.3 68.6951
22779.1 68.1112
22827.9 67.55
22876.6 67.0132
22925.4 66.5029
22974.2 66.0209
23023 65.5692
23071.8 65.1499
23120.5 64.765
23169.3 64.4165
23218.1 64.1067
23266.9 63.8377
23315.6 63.6117
23364.4 63.431
23413.2 63.2979
23462 63.2147
23510.8 63.1839
23559.5 63.2078
23608.3 63.2889
23657.1 63.4296
23705.9 63.6326
23754.6 63.9004
23803.4 64.2356
23852.2 64.6408
23901 65.1187
23949.7 65.6721
23998.5 66.3036
24047.3 67.016
24096.1 67.8121
24144.9 68.6949
24193.6 69.6671
24242.4 70.7316
24291.2 71.8913
24340 73.1493
24388.7 74.5085
24437.5 75.9718
24486.3 77.5424
24535.1 79.2231
24583.9 81.0172
24632.6 82.9277
24681.4 84.9577
24730.2 87.1103
24779 89.3887
24827.7 91.7959
24876.5 94.3352
24925.3 97.0097