0 68.3907
1164.81 31.4428
2329.62 18.0831
3494.43 12.4565
4659.24 10.582
5824.04 9.6103
6988.85 16.9948
8153.66 20.004
9318.47 21.0668
10483.3 18.42
11648.1 24.9144
12812.9 22.2812
13977.7 24.5939
15142.5 69.6492
16307.3 86.5496
17472.1 134.498
18636.9 132.978
19801.8 150.147
20966.6 155.436
22131.4 159.119
23296.2 151.884
24461 156.963
25625.8 157.964
26790.6 163.149
27955.4 169.852
29120.2 183.016
30285 162.177
31449.8 164.435
32614.6 162.261
33779.5 156.212
34944.3 188.341
36109.1 184.667
37273.9 166.64
38438.7 175.39
39603.5 176.305
40768.3 172.06
41933.1 164.467
43097.9 185.559
44262.7 198.939
45427.5 145.86
46592.4 81.8249
47757.2 63.0287
48922 57.5912
50086.8 33.7479
51251.6 24.7631
52416.4 62.9912
53581.2 83.849
54746 73.191
55910.8 54.9355
57075.6 65.225
58240.4 55.0496
59405.3 69.7275
60570.1 50.7912
61734.9 61.4564
62899.7 77.3144
64064.5 113.636
65229.3 99.6486
66394.1 62.829
67558.9 30.3172
68723.7 41.5695
69888.5 29.2644
71053.3 16.9618
72218.1 4.20555
73383 2.05864
74547.8 0.792069
75712.6 7.77262
76877.4 21.5354
78042.2 29.5606
79207 29.0594
80371.8 23.7487
81536.6 5.97463
82701.4 3.76466
83866.2 2.60446
85031 3.67724
86195.9 2.65196
87360.7 6.53757
88525.5 1.86918
89690.3 1.75251
90855.1 3.37047
92019.9 2.61287
93184.7 1.59676
94349.5 1.75767
95514.3 1.99175
96679.1 1.56643
97843.9 6.07781
99008.8 5.19358
100174 2.42448
101338 1.85728
102503 5.26429
103668 8.26504
104833 12.7547
105998 17.1918
107162 15.9128
108327 6.67959
109492 12.579
110657 14.3115
111822 16.9234
112986 4.70221
114151 3.20087
115316 4.81082