0 68.3907
225.667 64.7133
677.002 55.1324
1354 29.3008
2256.67 18.0831
3385.01 12.4565
4739.02 10.582
6318.69 10.1298
8124.03 20.004
9929.37 19.5443
12186 22.9714
14442.7 37.4656
16925.1 111.337
19633.1 148.344
22341.1 147.157
25274.8 157.228
28208.4 170.468
31593.4 164.424
34752.8 185.864
38137.8 166.906
41522.8 159.532
45133.5 158.546
48744.2 57.0195
52129.2 54.3655
55739.9 65.7076
59576.2 68.0341
63186.9 81.6051
66571.9 68.0148
70182.6 26.5694
73793.3 0.779911
77178.3 25.4053
80563.3 21.4787
83722.6 3.25306
87107.6 3.87028
90041.3 4.54822
92975 4.38793
95683 2.08294
98391 4.42658
100873 3.40398
103130 18.8432
105387 6.73845
107192 15.9128
108997 11.7747
110577 14.3115
111931 16.9234
113059 4.70221
113962 2.8006
114639 3.01607
115090 1.29428
115316 4.81082