0 32.4269
48.7775 30.8462
97.555 30.1713
146.332 30.1719
195.11 30.6593
243.887 31.4805
292.665 32.5134
341.442 33.6618
390.22 34.8516
438.997 36.0272
487.775 37.1481
536.552 38.1866
585.33 39.1254
634.107 39.955
682.885 40.6727
731.662 41.2806
780.44 41.7844
829.217 42.1925
877.995 42.5149
926.772 42.7629
975.55 42.9477
1024.33 43.0807
1073.1 43.1727
1121.88 43.234
1170.66 43.2737
1219.44 43.2998
1268.21 43.3195
1316.99 43.3383
1365.77 43.3608
1414.55 43.3906
1463.32 43.4298
1512.1 43.4798
1560.88 43.5409
1609.66 43.6128
1658.43 43.6942
1707.21 43.7834
1755.99 43.8781
1804.77 43.9756
1853.54 44.0731
1902.32 44.1674
1951.1 44.2553
1999.88 44.3336
2048.65 44.3992
2097.43 44.4491
2146.21 44.4805
2194.99 44.4909
2243.76 44.478
2292.54 44.44
2341.32 44.3753
2390.1 44.2827
2438.87 44.1616
2487.65 44.0115
2536.43 43.8325
2585.21 43.625
2633.98 43.3897
2682.76 43.1279
2731.54 42.8409
2780.32 42.5307
2829.09 42.1993
2877.87 41.849
2926.65 41.4825
2975.43 41.1023
3024.2 40.7116
3072.98 40.3132
3121.76 39.9104
3170.54 39.5063
3219.31 39.104
3268.09 38.7069
3316.87 38.3179
3365.65 37.9402
3414.42 37.5767
3463.2 37.2303
3511.98 36.9036
3560.76 36.5992
3609.53 36.3193
3658.31 36.0662
3707.09 35.8416
3755.87 35.6473
3804.64 35.4846
3853.42 35.3547
3902.2 35.2586
3950.98 35.1968
3999.75 35.1697
4048.53 35.1776
4097.31 35.2202
4146.09 35.2973
4194.86 35.4081
4243.64 35.552
4292.42 35.7279
4341.2 35.9344
4389.97 36.1703
4438.75 36.4338
4487.53 36.7233
4536.31 37.0367
4585.08 37.3722
4633.86 37.7275
4682.64 38.1004
4731.42 38.4887
4780.19 38.8899
4828.97 39.3017
4877.75 39.7217
4926.53 40.1475
4975.3 40.5768
5024.08 41.0071
5072.86 41.4362
5121.64 41.8619
5170.41 42.2821
5219.19 42.6947
5267.97 43.0977
5316.75 43.4895
5365.52 43.8682
5414.3 44.2324
5463.08 44.5806
5511.86 44.9117
5560.63 45.2246
5609.41 45.5183
5658.19 45.7922
5706.97 46.0457
5755.74 46.2784
5804.52 46.4901
5853.3 46.6809
5902.08 46.8507
5950.85 47
5999.63 47.1292
6048.41 47.239
6097.19 47.3302
6145.96 47.4036
6194.74 47.4605
6243.52 47.5019
6292.3 47.5293
6341.07 47.544
6389.85 47.5477
6438.63 47.542
6487.41 47.5285
6536.18 47.5092
6584.96 47.4857
6633.74 47.4601
6682.52 47.4343
6731.29 47.4101
6780.07 47.3896
6828.85 47.3747
6877.63 47.3673
6926.4 47.3694
6975.18 47.3828
7023.96 47.4093
7072.74 47.4508
7121.51 47.5088
7170.29 47.585
7219.07 47.681
7267.85 47.7981
7316.62 47.9376
7365.4 48.1008
7414.18 48.2888
7462.96 48.5024
7511.73 48.7425
7560.51 49.0098
7609.29 49.3049
7658.07 49.628
7706.84 49.9795
7755.62 50.3595
7804.4 50.7679
7853.18 51.2044
7901.95 51.6688
7950.73 52.1606
7999.51 52.6791
8048.29 53.2234
8097.06 53.7927
8145.84 54.386
8194.62 55.0019
8243.4 55.6392
8292.17 56.2964
8340.95 56.972
8389.73 57.6643
8438.51 58.3716
8487.28 59.0919
8536.06 59.8233
8584.84 60.5639
8633.62 61.3115
8682.39 62.0641
8731.17 62.8194
8779.95 63.5752
8828.73 64.3293
8877.5 65.0794
8926.28 65.8233
8975.06 66.5587
9023.84 67.2833
9072.61 67.9949
9121.39 68.6913
9170.17 69.3705
9218.95 70.0302
9267.72 70.6684
9316.5 71.2832
9365.28 71.8726
9414.06 72.435
9462.83 72.9684
9511.61 73.4715
9560.39 73.9425
9609.17 74.3802
9657.94 74.7832
9706.72 75.1505
9755.5 75.481
9804.28 75.7738
9853.05 76.0281
9901.83 76.2435
9950.61 76.4193
9999.39 76.5553
10048.2 76.6513
10096.9 76.7073
10145.7 76.7234
10194.5 76.6999
10243.3 76.6371
10292.1 76.5356
10340.8 76.3962
10389.6 76.2195
10438.4 76.0067
10487.2 75.7588
10535.9 75.4769
10584.7 75.1625
10633.5 74.8169
10682.3 74.4418
10731 74.0388
10779.8 73.6096
10828.6 73.156
10877.4 72.6801
10926.2 72.1837
10974.9 71.6689
11023.7 71.1379
11072.5 70.5927
11121.3 70.0356
11170 69.4688
11218.8 68.8946
11267.6 68.3151
11316.4 67.7327
11365.2 67.1496
11413.9 66.5679
11462.7 65.99
11511.5 65.418
11560.3 64.8541
11609 64.3002
11657.8 63.7585
11706.6 63.2309
11755.4 62.7193
11804.2 62.2255
11852.9 61.7511
11901.7 61.2979
11950.5 60.8674
11999.3 60.4609
12048 60.0798
12096.8 59.7253
12145.6 59.3984
12194.4 59.1001
12243.1 58.8312
12291.9 58.5925
12340.7 58.3844
12389.5 58.2075
12438.3 58.062
12487 57.948
12535.8 57.8657
12584.6 57.8148
12633.4 57.7952
12682.1 57.8066
12730.9 57.8484
12779.7 57.9199
12828.5 58.0206
12877.3 58.1495
12926 58.3056
12974.8 58.4879
13023.6 58.6953
13072.4 58.9263
13121.1 59.1798
13169.9 59.4542
13218.7 59.748
13267.5 60.0596
13316.3 60.3873
13365 60.7296
13413.8 61.0845
13462.6 61.4503
13511.4 61.8252
13560.1 62.2074
13608.9 62.595
13657.7 62.986
13706.5 63.3788
13755.3 63.7713
13804 64.1619
13852.8 64.5486
13901.6 64.9299
13950.4 65.3039
13999.1 65.6689
14047.9 66.0235
14096.7 66.3661
14145.5 66.6953
14194.2 67.0096
14243 67.3079
14291.8 67.5889
14340.6 67.8516
14389.4 68.095
14438.1 68.3183
14486.9 68.5208
14535.7 68.7017
14584.5 68.8608
14633.2 68.9975
14682 69.1116
14730.8 69.203
14779.6 69.2718
14828.4 69.3182
14877.1 69.3423
14925.9 69.3446
14974.7 69.3256
15023.5 69.286
15072.2 69.2267
15121 69.1484
15169.8 69.0522
15218.6 68.9393
15267.4 68.8109
15316.1 68.6683
15364.9 68.513
15413.7 68.3464
15462.5 68.1703
15511.2 67.9862
15560 67.7959
15608.8 67.6013
15657.6 67.4041
15706.4 67.2062
15755.1 67.0097
15803.9 66.8163
15852.7 66.6282
15901.5 66.4471
15950.2 66.2752
15999 66.1143
16047.8 65.9663
16096.6 65.8331
16145.3 65.7166
16194.1 65.6185
16242.9 65.5406
16291.7 65.4844
16340.5 65.4515
16389.2 65.4435
16438 65.4616
16486.8 65.5071
16535.6 65.5812
16584.3 65.6848
16633.1 65.819
16681.9 65.9845
16730.7 66.1818
16779.5 66.4115
16828.2 66.6739
16877 66.9693
16925.8 67.2976
16974.6 67.6587
17023.3 68.0524
17072.1 68.4783
17120.9 68.9357
17169.7 69.424
17218.5 69.9423
17267.2 70.4894
17316 71.0644
17364.8 71.6657
17413.6 72.2921
17462.3 72.9419
17511.1 73.6134
17559.9 74.3048
17608.7 75.0142
17657.5 75.7396
17706.2 76.4788
17755 77.2297
17803.8 77.99
17852.6 78.7574
17901.3 79.5295
17950.1 80.304
17998.9 81.0784
18047.7 81.8503
18096.4 82.6173
18145.2 83.3769
18194 84.1269
18242.8 84.8647
18291.6 85.5883
18340.3 86.2953
18389.1 86.9836
18437.9 87.6511
18486.7 88.296
18535.4 88.9163
18584.2 89.5103
18633 90.0765
18681.8 90.6134
18730.6 91.1198
18779.3 91.5946
18828.1 92.0367
18876.9 92.4454
18925.7 92.8201
18974.4 93.1604
19023.2 93.466
19072 93.7369
19120.8 93.9733
19169.6 94.1755
19218.3 94.344
19267.1 94.4796
19315.9 94.5831
19364.7 94.6555
19413.4 94.6982
19462.2 94.7125
19511 94.7
19559.8 94.6624
19608.6 94.6014
19657.3 94.5191
19706.1 94.4174
19754.9 94.2986
19803.7 94.1647
19852.4 94.0182
19901.2 93.8612
19950 93.6961
19998.8 93.5252
20047.5 93.3509
20096.3 93.1754
20145.1 93.0009
20193.9 92.8297
20242.7 92.6636
20291.4 92.5048
20340.2 92.355
20389 92.2159
20437.8 92.0889
20486.5 91.9754
20535.3 91.8765
20584.1 91.7931
20632.9 91.7258
20681.7 91.6751
20730.4 91.6413
20779.2 91.6241
20828 91.6233
20876.8 91.6384
20925.5 91.6684
20974.3 91.7122
21023.1 91.7686
21071.9 91.8357
21120.7 91.9119
21169.4 91.9949
21218.2 92.0826
21267 92.1723
21315.8 92.2615
21364.5 92.3472
21413.3 92.4266
21462.1 92.4967
21510.9 92.5543
21559.7 92.5963
21608.4 92.6197
21657.2 92.6213
21706 92.5983
21754.8 92.5477
21803.5 92.467
21852.3 92.3538
21901.1 92.2058
21949.9 92.0212
21998.6 91.7986
22047.4 91.5369
22096.2 91.2354
22145 90.8939
22193.8 90.5128
22242.5 90.093
22291.3 89.6358
22340.1 89.1433
22388.9 88.6182
22437.6 88.0638
22486.4 87.4838
22535.2 86.8827
22584 86.2657
22632.8 85.6383
22681.5 85.0068
22730.3 84.3777
22779.1 83.7581
22827.9 83.1555
22876.6 82.5776
22925.4 82.0323
22974.2 81.5275
23023 81.0712
23071.8 80.6712
23120.5 80.3348
23169.3 80.0691
23218.1 79.8805
23266.9 79.7745
23315.6 79.7559
23364.4 79.828
23413.2 79.9933
23462 80.2524
23510.8 80.6045
23559.5 81.0469
23608.3 81.5752
23657.1 82.1829
23705.9 82.8614
23754.6 83.6
23803.4 84.3861
23852.2 85.2051
23901 86.0404
23949.7 86.8739
23998.5 87.6866
24047.3 88.4584
24096.1 89.1692
24144.9 89.7996
24193.6 90.3317
24242.4 90.7506
24291.2 91.0452
24340 91.2105
24388.7 91.2492
24437.5 91.1738
24486.3 91.0099
24535.1 90.7986
24583.9 90.6004
24632.6 90.4993
24681.4 90.6072
24730.2 91.0691
24779 92.0693
24827.7 93.8382
24876.5 96.6592
24925.3 100.878