0 692.624
6.66145 -2.05291e+11
13.3229 -2.60766e+11
19.9843 -2.43321e+11
26.6458 -1.96763e+11
33.3072 -1.44453e+11
39.9687 -9.75419e+10
46.6301 -6.02224e+10
53.2916 -3.29934e+10
59.953 -1.46136e+10
66.6145 -3.22004e+09
73.2759 3.07805e+09
79.9374 5.92093e+09
86.5988 6.60204e+09
93.2603 6.06887e+09
99.9217 4.96955e+09
106.583 3.71514e+09
113.245 2.54166e+09
119.906 1.56389e+09
126.568 8.18391e+08
133.229 2.9561e+08
139.89 -3.75361e+07
146.552 -2.22788e+08
153.213 -3.01523e+08
159.875 -3.09913e+08
166.536 -2.76896e+08
173.198 -2.23918e+08
179.859 -1.65655e+08
186.521 -1.11218e+08
193.182 -6.54587e+07
199.843 -3.02146e+07
206.505 -5.35475e+06
213.166 1.03888e+07
219.828 1.88119e+07
226.489 2.18222e+07
233.151 2.11818e+07
239.812 1.83699e+07
246.474 1.45322e+07
253.135 1.04861e+07
259.796 6.75942e+06
266.458 3.64505e+06
273.119 1.25906e+06
279.781 -404624
286.442 -1.42769e+06
293.104 -1.93054e+06
299.765 -2.04531e+06
306.427 -1.89765e+06
313.088 -1.59595e+06
319.75 -1.22631e+06
326.411 -851566
333.072 -513088
339.734 -234099
346.395 -23644.6
353.057 119404
359.718 202729
366.38 237543
373.041 236264
379.703 210854
386.364 171778
393.025 127454
399.687 84090.2
406.348 45794.2
413.01 14846.9
419.671 -7931.21
426.333 -22793.2
432.994 -30699
439.656 -32998.5
446.317 -31177.1
452.978 -26669.3
459.64 -20735.1
466.301 -14391.5
472.963 -8388.97
479.624 -3219.49
486.286 852.595
492.947 3747.89
499.609 5524.52
506.27 6331.97
512.932 6370
519.593 5854.97
526.254 4994.46
532.916 3970.11
539.577 2927.82
546.239 1974.11
552.9 1177.21
559.562 571.344
566.223 163.016
572.885 -61.9079
579.546 -131.185
586.207 -79.848
592.869 55.0674
599.53 238.539
606.192 440.299
612.853 636.399
619.515 809.765
626.176 949.981
632.838 1052.5
639.499 1117.55
646.16 1148.85
652.822 1152.35
659.483 1135.13
666.145 1104.42
672.806 1066.89
679.468 1028.16
686.129 992.562
692.791 963.026
699.452 941.174
706.114 927.487
712.775 921.543
719.436 922.282
726.098 928.261
732.759 937.886
739.421 949.602
746.082 962.03
752.744 974.059
759.405 984.886
766.067 994.026
772.728 1001.28
779.389 1006.68
786.051 1010.46
792.712 1012.94
799.374 1014.53
806.035 1015.62
812.697 1016.6
819.358 1017.77
826.02 1019.36
832.681 1021.54
839.342 1024.38
846.004 1027.88
852.665 1032.02
859.327 1036.72
865.988 1041.88
872.65 1047.39
879.311 1053.17
885.973 1059.11
892.634 1065.16
899.295 1071.25
905.957 1077.34
912.618 1083.42
919.28 1089.44
925.941 1095.4
932.603 1101.28
939.264 1107.06
945.926 1112.72
952.587 1118.22
959.249 1123.54
965.91 1128.65
972.571 1133.52
979.233 1138.13
985.894 1142.47
992.556 1146.52
999.217 1150.31
1005.88 1153.86
1012.54 1157.2
1019.2 1160.39
1025.86 1163.47
1032.52 1166.53
1039.19 1169.61
1045.85 1172.8
1052.51 1176.13
1059.17 1179.67
1065.83 1183.45
1072.49 1187.48
1079.15 1191.78
1085.82 1196.33
1092.48 1201.1
1099.14 1206.07
1105.8 1211.19
1112.46 1216.39
1119.12 1221.63
1125.78 1226.85
1132.45 1231.99
1139.11 1237.02
1145.77 1241.9
1152.43 1246.61
1159.09 1251.15
1165.75 1255.5
1172.41 1259.7
1179.08 1263.77
1185.74 1267.73
1192.4 1271.63
1199.06 1275.52
1205.72 1279.43
1212.38 1283.4
1219.05 1287.46
1225.71 1291.65
1232.37 1295.97
1239.03 1300.43
1245.69 1305.03
1252.35 1309.76
1259.01 1314.59
1265.68 1319.49
1272.34 1324.44
1279 1329.39
1285.66 1334.31
1292.32 1339.16
1298.98 1343.91
1305.64 1348.53
1312.31 1353.01
1318.97 1357.34
1325.63 1361.5
1332.29 1365.5
1338.95 1369.36
1345.61 1373.09
1352.27 1376.7
1358.94 1380.24
1365.6 1383.72
1372.26 1387.17
1378.92 1390.61
1385.58 1394.07
1392.24 1397.58
1398.9 1401.13
1405.57 1404.74
1412.23 1408.43
1418.89 1412.18
1425.55 1415.99
1432.21 1419.85
1438.87 1423.76
1445.53 1427.71
1452.2 1431.68
1458.86 1435.66
1465.52 1439.65
1472.18 1443.63
1478.84 1447.61
1485.5 1451.59
1492.16 1455.57
1498.83 1459.55
1505.49 1463.54
1512.15 1467.55
1518.81 1471.58
1525.47 1475.66
1532.13 1479.78
1538.79 1483.95
1545.46 1488.17
1552.12 1492.44
1558.78 1496.76
1565.44 1501.12
1572.1 1505.51
1578.76 1509.92
1585.42 1514.34
1592.09 1518.75
1598.75 1523.13
1605.41 1527.49
1612.07 1531.81
1618.73 1536.07
1625.39 1540.3
1632.05 1544.47
1638.72 1548.62
1645.38 1552.74
1652.04 1556.85
1658.7 1560.97
1665.36 1565.14
1672.02 1569.36
1678.68 1573.65
1685.35 1578.05
1692.01 1582.57
1698.67 1587.22
1705.33 1592
1711.99 1596.91
1718.65 1601.95
1725.32 1607.09
1731.98 1612.32
1738.64 1617.61
1745.3 1622.92
1751.96 1628.2
1758.62 1633.43
1765.28 1638.54
1771.95 1643.5
1778.61 1648.28
1785.27 1652.83
1791.93 1657.12
1798.59 1661.14
1805.25 1664.88
1811.91 1668.32
1818.58 1671.47
1825.24 1674.35
1831.9 1676.98
1838.56 1679.39
1845.22 1681.61
1851.88 1683.68
1858.54 1685.64
1865.21 1687.53
1871.87 1689.38
1878.53 1691.22
1885.19 1693.09
1891.85 1695.01
1898.51 1696.98
1905.17 1699.02
1911.84 1701.12
1918.5 1703.29
1925.16 1705.5
1931.82 1707.75
1938.48 1710.02
1945.14 1712.28
1951.8 1714.53
1958.47 1716.75
1965.13 1718.93
1971.79 1721.06
1978.45 1723.15
1985.11 1725.2
1991.77 1727.22
1998.43 1729.22
2005.1 1731.22
2011.76 1733.24
2018.42 1735.31
2025.08 1737.43
2031.74 1739.63
2038.4 1741.92
2045.06 1744.3
2051.73 1746.76
2058.39 1749.32
2065.05 1751.95
2071.71 1754.63
2078.37 1757.35
2085.03 1760.08
2091.69 1762.79
2098.36 1765.48
2105.02 1768.12
2111.68 1770.7
2118.34 1773.23
2125 1775.7
2131.66 1778.14
2138.32 1780.58
2144.99 1783.04
2151.65 1785.57
2158.31 1788.21
2164.97 1791.02
2171.63 1794.02
2178.29 1797.25
2184.95 1800.75
2191.62 1804.52
2198.28 1808.56
2204.94 1812.84
2211.6 1817.34
2218.26 1821.99
2224.92 1826.73
2231.59 1831.48
2238.25 1836.15
2244.91 1840.66
2251.57 1844.94
2258.23 1848.91
2264.89 1852.53
2271.55 1855.78
2278.22 1858.66
2284.88 1861.21
2291.54 1863.49
2298.2 1865.58
2304.86 1867.6
2311.52 1869.69
2318.18 1871.96
2324.85 1874.57
2331.51 1877.61
2338.17 1881.19
2344.83 1885.37
2351.49 1890.15
2358.15 1895.5
2364.81 1901.35
2371.48 1907.55
2378.14 1913.95
2384.8 1920.35
2391.46 1926.52
2398.12 1932.27
2404.78 1937.4
2411.44 1941.79
2418.11 1945.35
2424.77 1948.09
2431.43 1950.11
2438.09 1951.59
2444.75 1952.81
2451.41 1954.13
2458.07 1955.95
2464.74 1958.71
2471.4 1962.81
2478.06 1968.59
2484.72 1976.3
2491.38 1986.01
2498.04 1997.63
2504.7 2010.84
2511.37 2025.11
2518.03 2039.68
2524.69 2053.63
2531.35 2065.92
2538.01 2075.47
2544.67 2081.25
2551.33 2082.42
2558 2078.42
2564.66 2069.1
2571.32 2054.83
2577.98 2036.53
2584.64 2015.73
2591.3 1994.52
2597.96 1975.48
2604.63 1961.48
2611.29 1955.49
2617.95 1960.24
2624.61 1977.95
2631.27 2009.93
2637.93 2056.21
2644.59 2115.31
2651.26 2183.95
2657.92 2257.03
2664.58 2327.7
2671.24 2387.65
2677.9 2427.68
2684.56 2438.44
2691.23 2411.42
2697.89 2340.13
2704.55 2221.3
2711.21 2056.17
2717.87 1851.56
2724.53 1620.65
2731.19 1383.27
2737.86 1165.62
2744.52 999.112
2751.18 918.311
2757.84 957.993
2764.5 1149.23
2771.16 1514.73
2777.82 2063.74
2784.49 2786.81
2791.15 3651.17
2797.81 4597.2
2804.47 5536.91
2811.13 6355.17
2817.79 6914.49
2824.45 7063.94
2831.12 6652.65
2837.78 5547.75
2844.44 3656.43
2851.1 950.713
2857.76 -2506.78
2864.42 -6538.88
2871.08 -10835.1
2877.75 -14942.4
2884.41 -18269.5
2891.07 -20110.1
2897.73 -19688.5
2904.39 -16231.1
2911.05 -9064.77
2917.71 2259.63
2924.38 17823.6
2931.04 37187.5
2937.7 59242.1
2944.36 82085.7
2951.02 102954
2957.68 118230
2964.34 123574
2971.01 114197
2977.67 85313.3
2984.33 32787.2
2990.99 -46026.8
2997.65 -151272
3004.31 -279467
3010.97 -422365
3017.64 -565956
3024.3 -689794
3030.96 -766912
3037.62 -764611
3044.28 -646434
3050.94 -375638
3057.6 79593
3064.27 739051
3070.93 1.60159e+06
3077.59 2.63475e+06
3084.25 3.76366e+06
3090.91 4.86051e+06
3097.57 5.73636e+06
3104.23 6.13801e+06
3110.9 5.7529e+06
3117.56 4.226e+06
3124.22 1.19278e+06
3130.88 -3.66763e+06
3137.54 -1.05557e+07
3144.2 -1.94498e+07
3150.86 -2.99797e+07
3157.53 -4.12836e+07
3164.19 -5.18578e+07
3170.85 -5.94241e+07
3177.51 -6.08449e+07
3184.17 -5.21331e+07
3190.83 -2.86162e+07
3197.5 1.46694e+07
3204.16 8.22708e+07
3210.82 1.77207e+08
3217.48 2.99371e+08
3224.14 4.43403e+08
3230.8 5.96034e+08
3237.46 7.33026e+08
3244.13 8.16002e+08
3250.79 7.8968e+08
3257.45 5.80404e+08
3264.11 9.72833e+07
3270.77 -7.62165e+08
3277.43 -2.09933e+09
3284.09 -3.99155e+09
3290.76 -6.45495e+09
3297.42 -9.38896e+09
3304.08 -1.24983e+10
3310.74 -1.51899e+10
3317.4 -1.64462e+10
3324.06 -1.46804e+10
3330.72 -7.59645e+09
3337.39 7.91049e+09
3344.05 3.57379e+10
3350.71 8.03249e+10
3357.37 1.45967e+11
3364.03 2.35387e+11
3370.69 3.47083e+11
3377.35 4.70744e+11
3384.02 5.79661e+11
3390.68 6.18614e+11
3397.34 4.8499e+11
3404 2339.86