0 30.5076
48.7775 30.9309
97.555 31.3534
146.332 31.7743
195.11 32.1928
243.887 32.6081
292.665 33.0195
341.442 33.426
390.22 33.8269
438.997 34.2215
487.775 34.6089
536.552 34.9882
585.33 35.3588
634.107 35.7198
682.885 36.0704
731.662 36.4099
780.44 36.7373
829.217 37.052
877.995 37.3531
926.772 37.6398
975.55 37.9113
1024.33 38.1668
1073.1 38.4056
1121.88 38.6268
1170.66 38.8297
1219.44 39.0133
1268.21 39.177
1316.99 39.3199
1365.77 39.4416
1414.55 39.543
1463.32 39.625
1512.1 39.6885
1560.88 39.7347
1609.66 39.7644
1658.43 39.7788
1707.21 39.7787
1755.99 39.7651
1804.77 39.7391
1853.54 39.7017
1902.32 39.6538
1951.1 39.5965
1999.88 39.5306
2048.65 39.4573
2097.43 39.3776
2146.21 39.2923
2194.99 39.2025
2243.76 39.1093
2292.54 39.0135
2341.32 38.9162
2390.1 38.8184
2438.87 38.7211
2487.65 38.6252
2536.43 38.5318
2585.21 38.4418
2633.98 38.3563
2682.76 38.2757
2731.54 38.1999
2780.32 38.1283
2829.09 38.0604
2877.87 37.9959
2926.65 37.9343
2975.43 37.8751
3024.2 37.8178
3072.98 37.7621
3121.76 37.7074
3170.54 37.6533
3219.31 37.5994
3268.09 37.5452
3316.87 37.4902
3365.65 37.4341
3414.42 37.3763
3463.2 37.3164
3511.98 37.2539
3560.76 37.1885
3609.53 37.1195
3658.31 37.0467
3707.09 36.9695
3755.87 36.8875
3804.64 36.8002
3853.42 36.7072
3902.2 36.608
3950.98 36.5023
3999.75 36.3903
4048.53 36.2742
4097.31 36.1559
4146.09 36.0374
4194.86 35.921
4243.64 35.8085
4292.42 35.7021
4341.2 35.6039
4389.97 35.5158
4438.75 35.44
4487.53 35.3786
4536.31 35.3334
4585.08 35.3067
4633.86 35.3005
4682.64 35.3169
4731.42 35.3579
4780.19 35.4255
4828.97 35.5218
4877.75 35.649
4926.53 35.8089
4975.3 36.0038
5024.08 36.2357
5072.86 36.5066
5121.64 36.8185
5170.41 37.1736
5219.19 37.5739
5267.97 38.0214
5316.75 38.5153
5365.52 39.0513
5414.3 39.6251
5463.08 40.2321
5511.86 40.8681
5560.63 41.5285
5609.41 42.2089
5658.19 42.9049
5706.97 43.6121
5755.74 44.326
5804.52 45.0422
5853.3 45.7563
5902.08 46.4639
5950.85 47.1605
5999.63 47.8417
6048.41 48.5031
6097.19 49.1402
6145.96 49.7486
6194.74 50.3239
6243.52 50.8617
6292.3 51.3575
6341.07 51.807
6389.85 52.2056
6438.63 52.5489
6487.41 52.8326
6536.18 53.0522
6584.96 53.2034
6633.74 53.2871
6682.52 53.3085
6731.29 53.2729
6780.07 53.1859
6828.85 53.0529
6877.63 52.8793
6926.4 52.6705
6975.18 52.432
7023.96 52.1692
7072.74 51.8876
7121.51 51.5925
7170.29 51.2895
7219.07 50.984
7267.85 50.6813
7316.62 50.387
7365.4 50.1065
7414.18 49.8451
7462.96 49.6084
7511.73 49.4018
7560.51 49.2307
7609.29 49.1005
7658.07 49.0167
7706.84 48.9848
7755.62 49.01
7804.4 49.098
7853.18 49.2541
7901.95 49.4834
7950.73 49.7851
7999.51 50.1546
8048.29 50.5872
8097.06 51.078
8145.84 51.6224
8194.62 52.2155
8243.4 52.8526
8292.17 53.5289
8340.95 54.2398
8389.73 54.9803
8438.51 55.7457
8487.28 56.5314
8536.06 57.3325
8584.84 58.1443
8633.62 58.9619
8682.39 59.7807
8731.17 60.5959
8779.95 61.4028
8828.73 62.1965
8877.5 62.9723
8926.28 63.7254
8975.06 64.4511
9023.84 65.1446
9072.61 65.8012
9121.39 66.4161
9170.17 66.9846
9218.95 67.5022
9267.72 67.9686
9316.5 68.3853
9365.28 68.7539
9414.06 69.076
9462.83 69.3534
9511.61 69.5875
9560.39 69.7799
9609.17 69.9324
9657.94 70.0465
9706.72 70.1238
9755.5 70.1659
9804.28 70.1744
9853.05 70.151
9901.83 70.0973
9950.61 70.0148
9999.39 69.9052
10048.2 69.7701
10096.9 69.6111
10145.7 69.4298
10194.5 69.2279
10243.3 69.0069
10292.1 68.7684
10340.8 68.5141
10389.6 68.2456
10438.4 67.9644
10487.2 67.6723
10535.9 67.3707
10584.7 67.061
10633.5 66.7442
10682.3 66.4216
10731 66.0942
10779.8 65.7634
10828.6 65.4301
10877.4 65.0955
10926.2 64.7609
10974.9 64.4273
11023.7 64.096
11072.5 63.7679
11121.3 63.4445
11170 63.1266
11218.8 62.8156
11267.6 62.5126
11316.4 62.2187
11365.2 61.9351
11413.9 61.663
11462.7 61.4034
11511.5 61.1575
11560.3 60.9266
11609 60.7117
11657.8 60.514
11706.6 60.3346
11755.4 60.1747
11804.2 60.0356
11852.9 59.9179
11901.7 59.8217
11950.5 59.7463
11999.3 59.6912
12048 59.6559
12096.8 59.6399
12145.6 59.6426
12194.4 59.6635
12243.1 59.702
12291.9 59.7577
12340.7 59.8301
12389.5 59.9185
12438.3 60.0224
12487 60.1415
12535.8 60.275
12584.6 60.4225
12633.4 60.5834
12682.1 60.7572
12730.9 60.9435
12779.7 61.1416
12828.5 61.351
12877.3 61.5713
12926 61.8018
12974.8 62.042
13023.6 62.2915
13072.4 62.5497
13121.1 62.816
13169.9 63.0899
13218.7 63.3706
13267.5 63.6571
13316.3 63.9487
13365 64.2444
13413.8 64.5434
13462.6 64.8448
13511.4 65.1477
13560.1 65.4513
13608.9 65.7547
13657.7 66.0571
13706.5 66.3576
13755.3 66.6552
13804 66.9492
13852.8 67.2387
13901.6 67.5228
13950.4 67.8006
13999.1 68.0713
14047.9 68.3339
14096.7 68.5878
14145.5 68.8319
14194.2 69.0654
14243 69.2874
14291.8 69.4971
14340.6 69.6936
14389.4 69.8761
14438.1 70.0436
14486.9 70.1956
14535.7 70.3328
14584.5 70.4557
14633.2 70.5648
14682 70.661
14730.8 70.7448
14779.6 70.8168
14828.4 70.8776
14877.1 70.928
14925.9 70.9685
14974.7 70.9997
15023.5 71.0224
15072.2 71.0371
15121 71.0445
15169.8 71.0451
15218.6 71.0397
15267.4 71.0289
15316.1 71.0132
15364.9 70.9934
15413.7 70.9701
15462.5 70.9438
15511.2 70.9153
15560 70.8851
15608.8 70.854
15657.6 70.8225
15706.4 70.7912
15755.1 70.7608
15803.9 70.7319
15852.7 70.7048
15901.5 70.6798
15950.2 70.6573
15999 70.6376
16047.8 70.6211
16096.6 70.6081
16145.3 70.599
16194.1 70.5942
16242.9 70.5938
16291.7 70.5984
16340.5 70.6082
16389.2 70.6237
16438 70.645
16486.8 70.6727
16535.6 70.7069
16584.3 70.7482
16633.1 70.7967
16681.9 70.853
16730.7 70.9172
16779.5 70.9898
16828.2 71.0711
16877 71.1614
16925.8 71.2611
16974.6 71.3706
17023.3 71.4901
17072.1 71.62
17120.9 71.7607
17169.7 71.9124
17218.5 72.0754
17267.2 72.2501
17316 72.4365
17364.8 72.6352
17413.6 72.8462
17462.3 73.07
17511.1 73.3068
17559.9 73.5568
17608.7 73.8204
17657.5 74.0978
17706.2 74.3894
17755 74.6953
17803.8 75.0159
17852.6 75.3515
17901.3 75.7024
17950.1 76.0687
17998.9 76.4509
18047.7 76.8491
18096.4 77.2638
18145.2 77.695
18194 78.1432
18242.8 78.6086
18291.6 79.0915
18340.3 79.5922
18389.1 80.1109
18437.9 80.6468
18486.7 81.1981
18535.4 81.7629
18584.2 82.3391
18633 82.925
18681.8 83.5186
18730.6 84.1179
18779.3 84.721
18828.1 85.326
18876.9 85.9311
18925.7 86.5342
18974.4 87.1334
19023.2 87.7269
19072 88.3126
19120.8 88.8887
19169.6 89.4533
19218.3 90.0044
19267.1 90.5401
19315.9 91.0585
19364.7 91.5577
19413.4 92.0356
19462.2 92.4905
19511 92.9204
19559.8 93.3234
19608.6 93.6975
19657.3 94.0408
19706.1 94.3515
19754.9 94.6285
19803.7 94.8716
19852.4 95.0803
19901.2 95.2544
19950 95.3937
19998.8 95.4977
20047.5 95.5662
20096.3 95.599
20145.1 95.5956
20193.9 95.5558
20242.7 95.4792
20291.4 95.3657
20340.2 95.2148
20389 95.0263
20437.8 94.7998
20486.5 94.5351
20535.3 94.2319
20584.1 93.8898
20632.9 93.5086
20681.7 93.0879
20730.4 92.6274
20779.2 92.1269
20828 91.586
20876.8 91.0045
20925.5 90.382
20974.3 89.7182
21023.1 89.0131
21071.9 88.2691
21120.7 87.4904
21169.4 86.681
21218.2 85.8451
21267 84.9868
21315.8 84.1103
21364.5 83.2195
21413.3 82.3186
21462.1 81.4118
21510.9 80.5031
21559.7 79.5967
21608.4 78.6967
21657.2 77.8072
21706 76.9322
21754.8 76.076
21803.5 75.2426
21852.3 74.4361
21901.1 73.6607
21949.9 72.9204
21998.6 72.2195
22047.4 71.5619
22096.2 70.9518
22145 70.3933
22193.8 69.8905
22242.5 69.4476
22291.3 69.0686
22340.1 68.7571
22388.9 68.5127
22437.6 68.3331
22486.4 68.2158
22535.2 68.1586
22584 68.1591
22632.8 68.2149
22681.5 68.3238
22730.3 68.4834
22779.1 68.6913
22827.9 68.9451
22876.6 69.2427
22925.4 69.5815
22974.2 69.9593
23023 70.3737
23071.8 70.8224
23120.5 71.3031
23169.3 71.8133
23218.1 72.3508
23266.9 72.9132
23315.6 73.4981
23364.4 74.1033
23413.2 74.7263
23462 75.3649
23510.8 76.0167
23559.5 76.6794
23608.3 77.3505
23657.1 78.0281
23705.9 78.7114
23754.6 79.4002
23803.4 80.0942
23852.2 80.7934
23901 81.4974
23949.7 82.206
23998.5 82.919
24047.3 83.6361
24096.1 84.3573
24144.9 85.0822
24193.6 85.8106
24242.4 86.5423
24291.2 87.2771
24340 88.0148
24388.7 88.7551
24437.5 89.4978
24486.3 90.2427
24535.1 90.9896
24583.9 91.7383
24632.6 92.4885
24681.4 93.24
24730.2 93.9926
24779 94.7461
24827.7 95.5003
24876.5 96.2549
24925.3 97.0097