0 30.5076
48.7775 30.8462
97.555 31.1178
146.332 31.0451
195.11 32.2909
243.887 32.5024
292.665 38.284
341.442 33.6618
390.22 30.6635
438.997 35.2848
487.775 38.3768
536.552 35.7115
585.33 33.104
634.107 35.438
682.885 40.3209
731.662 42.5762
780.44 40.8019
829.217 38.2383
877.995 38.693
926.772 42.7629
975.55 47.6779
1024.33 50.0047
1073.1 48.3615
1121.88 44.1008
1170.66 39.9621
1219.44 38.0995
1268.21 38.9164
1316.99 41.2284
1365.77 43.3187
1414.55 44.0407
1463.32 43.3261
1512.1 41.9686
1560.88 40.9848
1609.66 41.0021
1658.43 41.9884
1707.21 43.3824
1755.99 44.4641
1804.77 44.7267
1853.54 44.0731
1902.32 42.7833
1951.1 41.3238
1999.88 40.1206
2048.65 39.4047
2097.43 39.1788
2146.21 39.2873
2194.99 39.5307
2243.76 39.762
2292.54 39.9267
2341.32 40.0443
2390.1 40.1567
2438.87 40.2786
2487.65 40.3774
2536.43 40.3887
2585.21 40.256
2633.98 39.9721
2682.76 39.5993
2731.54 39.258
2780.32 39.0876
2829.09 39.1962
2877.87 39.6179
2926.65 40.2967
2975.43 41.1023
3024.2 41.8721
3072.98 42.4652
3121.76 42.8088
3170.54 42.9214
3219.31 42.9046
3268.09 42.9072
3316.87 43.0725
3365.65 43.4864
3414.42 44.1421
3463.2 44.932
3511.98 45.6702
3560.76 46.1378
3609.53 46.1391
3658.31 45.5543
3707.09 44.3721
3755.87 42.697
3804.64 40.7287
3853.42 38.7193
3902.2 36.9204
3950.98 35.5327
3999.75 34.6691
4048.53 34.3396
4097.31 34.4594
4146.09 34.8768
4194.86 35.4121
4243.64 35.898
4292.42 36.2133
4341.2 36.301
4389.97 36.1703
4438.75 35.8828
4487.53 35.529
4536.31 35.201
4585.08 34.9685
4633.86 34.8644
4682.64 34.8813
4731.42 34.9792
4780.19 35.1014
4828.97 35.1938
4877.75 35.2215
4926.53 35.1802
4975.3 35.0976
5024.08 35.0274
5072.86 35.0353
5121.64 35.1819
5170.41 35.5077
5219.19 36.0214
5267.97 36.6969
5316.75 37.4781
5365.52 38.2911
5414.3 39.0603
5463.08 39.7255
5511.86 40.2564
5560.63 40.6601
5609.41 40.9814
5658.19 41.2945
5706.97 41.6894
5755.74 42.2535
5804.52 43.0544
5853.3 44.1255
5902.08 45.4579
5950.85 47
5999.63 48.6646
6048.41 50.3418
6097.19 51.9155
6145.96 53.2804
6194.74 54.356
6243.52 55.0963
6292.3 55.4918
6341.07 55.567
6389.85 55.3711
6438.63 54.9666
6487.41 54.4168
6536.18 53.7757
6584.96 53.0814
6633.74 52.3544
6682.52 51.6011
6731.29 50.8205
6780.07 50.0133
6828.85 49.1903
6877.63 48.3783
6926.4 47.6217
6975.18 46.9798
7023.96 46.5186
7072.74 46.2993
7121.51 46.3663
7170.29 46.7351
7219.07 47.3845
7267.85 48.2541
7316.62 49.2487
7365.4 50.2484
7414.18 51.1245
7462.96 51.759
7511.73 52.0631
7560.51 51.9941
7609.29 51.5658
7658.07 50.8518
7706.84 49.9795
7755.62 49.1168
7804.4 48.4511
7853.18 48.1644
7901.95 48.4087
7950.73 49.2826
7999.51 50.8158
8048.29 52.9606
8097.06 55.5943
8145.84 58.5313
8194.62 61.5427
8243.4 64.3831
8292.17 66.8187
8340.95 68.6554
8389.73 69.7605
8438.51 70.0788
8487.28 69.6375
8536.06 68.5421
8584.84 66.963
8633.62 65.114
8682.39 63.2275
8731.17 61.5274
8779.95 60.2048
8828.73 59.3988
8877.5 59.1843
8926.28 59.5688
8975.06 60.4966
9023.84 61.8613
9072.61 63.5227
9121.39 65.3269
9170.17 67.1258
9218.95 68.7942
9267.72 70.2417
9316.5 71.419
9365.28 72.3179
9414.06 72.9646
9462.83 73.4099
9511.61 73.7158
9560.39 73.9425
9609.17 74.1369
9657.94 74.3242
9706.72 74.5047
9755.5 74.6549
9804.28 74.7334
9853.05 74.69
9901.83 74.4765
9950.61 74.0579
9999.39 73.4213
10048.2 72.582
10096.9 71.5849
10145.7 70.5017
10194.5 69.4239
10243.3 68.4523
10292.1 67.6845
10340.8 67.2032
10389.6 67.0648
10438.4 67.2921
10487.2 67.8702
10535.9 68.748
10584.7 69.8429
10633.5 71.0505
10682.3 72.2559
10731 73.3463
10779.8 74.2231
10828.6 74.8121
10877.4 75.0698
10926.2 74.9863
10974.9 74.5838
11023.7 73.9116
11072.5 73.0377
11121.3 72.0392
11170 70.992
11218.8 69.9616
11267.6 68.9959
11316.4 68.1214
11365.2 67.3422
11413.9 66.642
11462.7 65.99
11511.5 65.3469
11560.3 64.6727
11609 63.934
11657.8 63.1095
11706.6 62.1939
11755.4 61.1987
11804.2 60.1505
11852.9 59.0877
11901.7 58.0551
11950.5 57.0978
11999.3 56.2555
12048 55.5579
12096.8 55.0214
12145.6 54.6488
12194.4 54.4298
12243.1 54.3445
12291.9 54.3674
12340.7 54.4723
12389.5 54.6368
12438.3 54.8458
12487 55.0932
12535.8 55.3827
12584.6 55.7252
12633.4 56.1361
12682.1 56.6305
12730.9 57.2189
12779.7 57.9026
12828.5 58.6712
12877.3 59.501
12926 60.3557
12974.8 61.1898
13023.6 61.9524
13072.4 62.5932
13121.1 63.0691
13169.9 63.349
13218.7 63.419
13267.5 63.2847
13316.3 62.9714
13365 62.5222
13413.8 61.9938
13462.6 61.4503
13511.4 60.9569
13560.1 60.5726
13608.9 60.3441
13657.7 60.3014
13706.5 60.4552
13755.3 60.7967
13804 61.2995
13852.8 61.9241
13901.6 62.6225
13950.4 63.3447
13999.1 64.0443
14047.9 64.6829
14096.7 65.2339
14145.5 65.6835
14194.2 66.0307
14243 66.2845
14291.8 66.4612
14340.6 66.58
14389.4 66.6595
14438.1 66.7141
14486.9 66.7523
14535.7 66.7759
14584.5 66.7813
14633.2 66.7611
14682 66.7077
14730.8 66.616
14779.6 66.4866
14828.4 66.328
14877.1 66.1565
14925.9 65.996
14974.7 65.8752
15023.5 65.8244
15072.2 65.871
15121 66.0353
15169.8 66.3273
15218.6 66.7438
15267.4 67.2681
15316.1 67.8708
15364.9 68.513
15413.7 69.1501
15462.5 69.7373
15511.2 70.2345
15560 70.6111
15608.8 70.8492
15657.6 70.9455
15706.4 70.9109
15755.1 70.7687
15803.9 70.5512
15852.7 70.2953
15901.5 70.0377
15950.2 69.8114
15999 69.642
16047.8 69.5464
16096.6 69.5328
16145.3 69.6017
16194.1 69.7485
16242.9 69.9661
16291.7 70.2473
16340.5 70.5867
16389.2 70.9809
16438 71.4278
16486.8 71.9238
16535.6 72.4616
16584.3 73.0266
16633.1 73.5945
16681.9 74.1309
16730.7 74.592
16779.5 74.9288
16828.2 75.0924
16877 75.042
16925.8 74.7526
16974.6 74.2228
17023.3 73.48
17072.1 72.5828
17120.9 71.6186
17169.7 70.6978
17218.5 69.9423
17267.2 69.4722
17316 69.3904
17364.8 69.767
17413.6 70.6279
17462.3 71.9466
17511.1 73.6433
17559.9 75.5904
17608.7 77.6253
17657.5 79.5683
17706.2 81.2445
17755 82.506
17803.8 83.2523
17852.6 83.4449
17901.3 83.1147
17950.1 82.36
17998.9 81.3354
18047.7 80.2332
18096.4 79.2583
18145.2 78.6011
18194 78.4122
18242.8 78.7818
18291.6 79.7271
18340.3 81.1905
18389.1 83.0479
18437.9 85.1273
18486.7 87.2332
18535.4 89.1759
18584.2 90.7986
18633 92
18681.8 92.7478
18730.6 93.0817
18779.3 93.1049
18828.1 92.9655
18876.9 92.83
18925.7 92.8552
18974.4 93.1604
19023.2 93.8059
19072 94.7823
19120.8 96.0101
19169.6 97.352
19218.3 98.6348
19267.1 99.6775
19315.9 100.322
19364.7 100.457
19413.4 100.042
19462.2 99.1068
19511 97.7534
19559.8 96.1346
19608.6 94.4303
19657.3 92.8172
19706.1 91.4404
19754.9 90.391
19803.7 89.6946
19852.4 89.3115
19901.2 89.1506
19950 89.0919
19998.8 89.0154
20047.5 88.8295
20096.3 88.4933
20145.1 88.028
20193.9 87.516
20242.7 87.0846
20291.4 86.8802
20340.2 87.0356
20389 87.6379
20437.8 88.7035
20486.5 90.1653
20535.3 91.8765
20584.1 93.6303
20632.9 95.1927
20681.7 96.3428
20730.4 96.9127
20779.2 96.8188
20828 96.0779
20876.8 94.8047
20925.5 93.1899
20974.3 91.4633
21023.1 89.8495
21071.9 88.5253
21120.7 87.5884
21169.4 87.0439
21218.2 86.8138
21267 86.7653
21315.8 86.7539
21364.5 86.6685
21413.3 86.4682
21462.1 86.1993
21510.9 85.9871
21559.7 86.0006
21608.4 86.3986
21657.2 87.2692
21706 88.5794
21754.8 90.1503
21803.5 91.6681
21852.3 92.7359
21901.1 92.9549
21949.9 92.0212
21998.6 89.8122
22047.4 86.4403
22096.2 82.2558
22145 77.7922
22193.8 73.6637
22242.5 70.4373
22291.3 68.5115
22340.1 68.0333
22388.9 68.8778
22437.6 70.6965
22486.4 73.0204
22535.2 75.3875
22584 77.4548
22632.8 79.0615
22681.5 80.2235
22730.3 81.0675
22779.1 81.7335
22827.9 82.2879
22876.6 82.686
22925.4 82.8006
22974.2 82.5034
23023 81.7574
23071.8 80.6712
23120.5 79.4769
23169.3 78.4344
23218.1 77.7055
23266.9 77.2681
23315.6 76.9337
23364.4 76.4767
23413.2 75.8207
23462 75.17
23510.8 74.9807
23559.5 75.7441
23608.3 77.6735
23657.1 80.4813
23705.9 83.4262
23754.6 85.6682
23803.4 86.7514
23852.2 86.8874
23901 86.7818
23949.7 87.0552
23998.5 87.6866
24047.3 88.0121
24096.1 87.4232
24144.9 86.1995
24193.6 85.5292
24242.4 86.3522
24291.2 88.0492
24340 88.7588
24388.7 87.6738
24437.5 86.6638
24486.3 88.037
24535.1 90.4759
24583.9 90.6004
24632.6 90.1173
24681.4 92.8807
24730.2 93.1776
24779 94.5823
24827.7 96.3621
24876.5 96.6592
24925.3 97.0097