0 60.2654
1.13238 60.2892
2.26477 60.3002
3.39715 60.3032
4.52953 60.3016
5.66192 60.2978
6.7943 60.2937
7.92668 60.2902
9.05907 60.2881
10.1915 60.2876
11.3238 60.2885
12.4562 60.2906
13.5886 60.2935
14.721 60.2966
15.8534 60.2995
16.9858 60.3016
18.1181 60.3023
19.2505 60.3012
20.3829 60.2977
21.5153 60.2916
22.6477 60.2825
23.7801 60.2702
24.9124 60.2546
26.0448 60.2357
27.1772 60.2133
28.3096 60.1876
29.442 60.1588
30.5744 60.127
31.7067 60.0925
32.8391 60.0555
33.9715 60.0164
35.1039 59.9756
36.2363 59.9333
37.3687 59.89
38.501 59.8461
39.6334 59.8019
40.7658 59.7579
41.8982 59.7144
43.0306 59.6717
44.163 59.6303
45.2953 59.5904
46.4277 59.5524
47.5601 59.5164
48.6925 59.4828
49.8249 59.4518
50.9573 59.4235
52.0896 59.3982
53.222 59.376
54.3544 59.3568
55.4868 59.341
56.6192 59.3284
57.7516 59.3191
58.8839 59.313
60.0163 59.3103
61.1487 59.3107
62.2811 59.3143
63.4135 59.3209
64.5459 59.3305
65.6782 59.3429
66.8106 59.3579
67.943 59.3755
69.0754 59.3955
70.2078 59.4177
71.3402 59.4419
72.4725 59.4681
73.6049 59.4959
74.7373 59.5252
75.8697 59.556
77.0021 59.5879
78.1345 59.6208
79.2668 59.6546
80.3992 59.689
81.5316 59.724
82.664 59.7594
83.7964 59.7951
84.9288 59.8309
86.0611 59.8667
87.1935 59.9024
88.3259 59.9379
89.4583 59.973
90.5907 60.0078
91.7231 60.0421
92.8554 60.0759
93.9878 60.109
95.1202 60.1416
96.2526 60.1734
97.385 60.2045
98.5174 60.2348
99.6497 60.2643
100.782 60.2931
101.915 60.321
103.047 60.3482
104.179 60.3745
105.312 60.4001
106.444 60.4249
107.576 60.4489
108.709 60.4722
109.841 60.4948
110.974 60.5167
112.106 60.5379
113.238 60.5585
114.371 60.5784
115.503 60.5978
116.636 60.6167
117.768 60.635
118.9 60.6528
120.033 60.6702
121.165 60.6872
122.297 60.7038
123.43 60.72
124.562 60.7358
125.695 60.7514
126.827 60.7666
127.959 60.7816
129.092 60.7963
130.224 60.8108
131.356 60.8251
132.489 60.8392
133.621 60.8531
134.754 60.8668
135.886 60.8804
137.018 60.8939
138.151 60.9072
139.283 60.9203
140.416 60.9334
141.548 60.9463
142.68 60.9591
143.813 60.9718
144.945 60.9845
146.077 60.997
147.21 61.0094
148.342 61.0218
149.475 61.0341
150.607 61.0463
151.739 61.0585
152.872 61.0706
154.004 61.0827
155.137 61.0947
156.269 61.1067
157.401 61.1186
158.534 61.1306
159.666 61.1425
160.798 61.1545
161.931 61.1665
163.063 61.1785
164.196 61.1906
165.328 61.2028
166.46 61.215
167.593 61.2274
168.725 61.2398
169.858 61.2524
170.99 61.2652
172.122 61.2782
173.255 61.2913
174.387 61.3047
175.519 61.3183
176.652 61.3322
177.784 61.3463
178.917 61.3607
180.049 61.3755
181.181 61.3906
182.314 61.406
183.446 61.4219
184.579 61.4381
185.711 61.4546
186.843 61.4716
187.976 61.4891
189.108 61.5069
190.24 61.5252
191.373 61.5439
192.505 61.563
193.638 61.5826
194.77 61.6027
195.902 61.6231
197.035 61.644
198.167 61.6653
199.299 61.6871
200.432 61.7092
201.564 61.7317
202.697 61.7545
203.829 61.7777
204.961 61.8012
206.094 61.825
207.226 61.8491
208.359 61.8734
209.491 61.8978
210.623 61.9225
211.756 61.9472
212.888 61.972
214.02 61.9969
215.153 62.0217
216.285 62.0465
217.418 62.0712
218.55 62.0957
219.682 62.12
220.815 62.1441
221.947 62.1679
223.08 62.1913
224.212 62.2143
225.344 62.2369
226.477 62.2589
227.609 62.2804
228.741 62.3013
229.874 62.3215
231.006 62.341
232.139 62.3598
233.271 62.3777
234.403 62.3948
235.536 62.411
236.668 62.4263
237.801 62.4406
238.933 62.4539
240.065 62.4661
241.198 62.4773
242.33 62.4874
243.462 62.4963
244.595 62.5042
245.727 62.5108
246.86 62.5162
247.992 62.5205
249.124 62.5236
250.257 62.5254
251.389 62.5261
252.522 62.5255
253.654 62.5238
254.786 62.5208
255.919 62.5167
257.051 62.5114
258.183 62.505
259.316 62.4975
260.448 62.4889
261.581 62.4793
262.713 62.4686
263.845 62.457
264.978 62.4444
266.11 62.431
267.243 62.4166
268.375 62.4015
269.507 62.3857
270.64 62.3691
271.772 62.3519
272.904 62.3342
274.037 62.3159
275.169 62.2972
276.302 62.278
277.434 62.2585
278.566 62.2388
279.699 62.2188
280.831 62.1987
281.963 62.1785
283.096 62.1582
284.228 62.138
285.361 62.1179
286.493 62.0979
287.625 62.0782
288.758 62.0587
289.89 62.0395
291.023 62.0208
292.155 62.0024
293.287 61.9845
294.42 61.9671
295.552 61.9503
296.684 61.934
297.817 61.9184
298.949 61.9035
300.082 61.8892
301.214 61.8757
302.346 61.8629
303.479 61.8508
304.611 61.8395
305.744 61.829
306.876 61.8193
308.008 61.8104
309.141 61.8022
310.273 61.7949
311.405 61.7883
312.538 61.7824
313.67 61.7774
314.803 61.773
315.935 61.7694
317.067 61.7664
318.2 61.7641
319.332 61.7625
320.465 61.7614
321.597 61.7608
322.729 61.7608
323.862 61.7613
324.994 61.7621
326.126 61.7634
327.259 61.765
328.391 61.7669
329.524 61.769
330.656 61.7714
331.788 61.7739
332.921 61.7764
334.053 61.7791
335.186 61.7817
336.318 61.7843
337.45 61.7868
338.583 61.7891
339.715 61.7913
340.847 61.7932
341.98 61.7949
343.112 61.7962
344.245 61.7972
345.377 61.7979
346.509 61.7981
347.642 61.7978
348.774 61.7971
349.907 61.796
351.039 61.7943
352.171 61.792
353.304 61.7892
354.436 61.7859
355.568 61.782
356.701 61.7776
357.833 61.7726
358.966 61.7671
360.098 61.761
361.23 61.7543
362.363 61.7472
363.495 61.7395
364.627 61.7314
365.76 61.7228
366.892 61.7138
368.025 61.7044
369.157 61.6946
370.289 61.6845
371.422 61.6741
372.554 61.6635
373.687 61.6526
374.819 61.6416
375.951 61.6305
377.084 61.6193
378.216 61.608
379.348 61.5968
380.481 61.5856
381.613 61.5745
382.746 61.5636
383.878 61.5528
385.01 61.5423
386.143 61.5321
387.275 61.5222
388.408 61.5127
389.54 61.5035
390.672 61.4947
391.805 61.4865
392.937 61.4786
394.069 61.4713
395.202 61.4645
396.334 61.4583
397.467 61.4526
398.599 61.4474
399.731 61.4429
400.864 61.4389
401.996 61.4354
403.129 61.4325
404.261 61.4301
405.393 61.4283
406.526 61.4269
407.658 61.4261
408.79 61.4256
409.923 61.4256
411.055 61.426
412.188 61.4267
413.32 61.4277
414.452 61.4289
415.585 61.4303
416.717 61.4319
417.85 61.4335
418.982 61.4352
420.114 61.4368
421.247 61.4384
422.379 61.4398
423.511 61.441
424.644 61.442
425.776 61.4426
426.909 61.4428
428.041 61.4426
429.173 61.4419
430.306 61.4407
431.438 61.4388
432.571 61.4364
433.703 61.4332
434.835 61.4294
435.968 61.4248
437.1 61.4194
438.232 61.4132
439.365 61.4062
440.497 61.3985
441.63 61.3898
442.762 61.3804
443.894 61.3702
445.027 61.3592
446.159 61.3474
447.291 61.3349
448.424 61.3216
449.556 61.3078
450.689 61.2933
451.821 61.2784
452.953 61.2629
454.086 61.2471
455.218 61.2309
456.351 61.2145
457.483 61.198
458.615 61.1814
459.748 61.1648
460.88 61.1484
462.012 61.1323
463.145 61.1164
464.277 61.1011
465.41 61.0863
466.542 61.0721
467.674 61.0587
468.807 61.0462
469.939 61.0347
471.072 61.0241
472.204 61.0148
473.336 61.0066
474.469 60.9997
475.601 60.9942
476.733 60.99
477.866 60.9873
478.998 60.9861
480.131 60.9863
481.263 60.9881
482.395 60.9914
483.528 60.9961
484.66 61.0023
485.793 61.0098
486.925 61.0187
488.057 61.0289
489.19 61.0402
490.322 61.0526
491.454 61.0659
492.587 61.08
493.719 61.0947
494.852 61.1099
495.984 61.1255
497.116 61.1412
498.249 61.1569
499.381 61.1723
500.514 61.1872
501.646 61.2015
502.778 61.215
503.911 61.2273
505.043 61.2384
506.175 61.2481
507.308 61.256
508.44 61.2622
509.573 61.2663
510.705 61.2683
511.837 61.2679
512.97 61.2652
514.102 61.26
515.235 61.2522
516.367 61.2418
517.499 61.2288
518.632 61.2133
519.764 61.1953
520.896 61.1748
522.029 61.1521
523.161 61.1273
524.294 61.1006
525.426 61.0723
526.558 61.0426
527.691 61.0119
528.823 60.9805
529.955 60.9488
531.088 60.9172
532.22 60.8861
533.353 60.856
534.485 60.8272
535.617 60.8004
536.75 60.7758
537.882 60.754
539.015 60.7353
540.147 60.7202
541.279 60.7089
542.412 60.7018
543.544 60.699
544.676 60.7007
545.809 60.707
546.941 60.7178
548.074 60.7329
549.206 60.7521
550.338 60.7749
551.471 60.8009
552.603 60.8294
553.736 60.8595
554.868 60.8904
556 60.9209
557.133 60.9499
558.265 60.9762
559.397 60.9985
560.53 61.0154
561.662 61.0256
562.795 61.0279
563.927 61.0212
565.059 61.0049
566.192 60.9785
567.324 60.942
568.457 60.8963
569.589 60.8429
570.721 60.7844
571.854 60.7249
572.986 60.6698
574.118 60.6265
575.251 60.6047
576.383 60.6169
577.516 60.6786
578.648 60.8092