0 692.624
6.66145 693.077
13.3229 693.542
19.9843 694.031
26.6458 694.558
33.3072 695.133
39.9687 695.769
46.6301 696.479
53.2916 697.274
59.953 698.167
66.6145 699.171
73.2759 700.296
79.9374 701.549
86.5988 702.928
93.2603 704.436
99.9217 706.07
106.583 707.832
113.245 709.72
119.906 711.735
126.568 713.877
133.229 716.146
139.89 718.541
146.552 721.058
153.213 723.677
159.875 726.379
166.536 729.143
173.198 731.948
179.859 734.774
186.521 737.6
193.182 740.406
199.843 743.171
206.505 745.875
213.166 748.499
219.828 751.039
226.489 753.501
233.151 755.891
239.812 758.215
246.474 760.479
253.135 762.688
259.796 764.848
266.458 766.966
273.119 769.047
279.781 771.096
286.442 773.125
293.104 775.152
299.765 777.198
306.427 779.282
313.088 781.425
319.75 783.645
326.411 785.964
333.072 788.401
339.734 790.977
346.395 793.71
353.057 796.615
359.718 799.669
366.38 802.837
373.041 806.08
379.703 809.363
386.364 812.648
393.025 815.9
399.687 819.081
406.348 822.155
413.01 825.085
419.671 827.836
426.333 830.407
432.994 832.839
439.656 835.177
446.317 837.465
452.978 839.746
459.64 842.064
466.301 844.464
472.963 846.99
479.624 849.686
486.286 852.595
492.947 855.75
499.609 859.136
506.27 862.727
512.932 866.497
519.593 870.419
526.254 874.467
532.916 878.614
539.577 882.834
546.239 887.101
552.9 891.388
559.562 895.669
566.223 899.918
572.885 904.111
579.546 908.221
586.207 912.225
592.869 916.097
599.53 919.811
606.192 923.344
612.853 926.669
619.515 929.762
626.176 932.598
632.838 935.171
639.499 937.528
646.16 939.723
652.822 941.811
659.483 943.848
666.145 945.887
672.806 947.984
679.468 950.193
686.129 952.569
692.791 955.168
699.452 958.036
706.114 961.16
712.775 964.49
719.436 967.975
726.098 971.565
732.759 975.209
739.421 978.858
746.082 982.46
752.744 985.965
759.405 989.323
766.067 992.484
772.728 995.433
779.389 998.221
786.051 1000.9
792.712 1003.53
799.374 1006.17
806.035 1008.86
812.697 1011.68
819.358 1014.66
826.02 1017.88
832.681 1021.38
839.342 1025.21
846.004 1029.36
852.665 1033.82
859.327 1038.56
865.988 1043.54
872.65 1048.75
879.311 1054.16
885.973 1059.74
892.634 1065.48
899.295 1071.34
905.957 1077.3
912.618 1083.32
919.28 1089.37
925.941 1095.41
932.603 1101.38
939.264 1107.24
945.926 1112.96
952.587 1118.49
959.249 1123.79
965.91 1128.82
972.571 1133.52
979.233 1137.89
985.894 1141.94
992.556 1145.74
999.217 1149.33
1005.88 1152.77
1012.54 1156.1
1019.2 1159.39
1025.86 1162.67
1032.52 1166.01
1039.19 1169.45
1045.85 1173.04
1052.51 1176.8
1059.17 1180.71
1065.83 1184.78
1072.49 1188.98
1079.15 1193.3
1085.82 1197.73
1092.48 1202.26
1099.14 1206.88
1105.8 1211.57
1112.46 1216.33
1119.12 1221.13
1125.78 1225.97
1132.45 1230.82
1139.11 1235.67
1145.77 1240.5
1152.43 1245.28
1159.09 1250.01
1165.75 1254.66
1172.41 1259.22
1179.08 1263.66
1185.74 1267.98
1192.4 1272.18
1199.06 1276.29
1205.72 1280.35
1212.38 1284.39
1219.05 1288.42
1225.71 1292.49
1232.37 1296.63
1239.03 1300.85
1245.69 1305.2
1252.35 1309.7
1259.01 1314.35
1265.68 1319.13
1272.34 1324
1279 1328.91
1285.66 1333.84
1292.32 1338.74
1298.98 1343.58
1305.64 1348.31
1312.31 1352.91
1318.97 1357.33
1325.63 1361.54
1332.29 1365.55
1338.95 1369.4
1345.61 1373.11
1352.27 1376.72
1358.94 1380.23
1365.6 1383.7
1372.26 1387.14
1378.92 1390.58
1385.58 1394.06
1392.24 1397.59
1398.9 1401.2
1405.57 1404.87
1412.23 1408.6
1418.89 1412.38
1425.55 1416.2
1432.21 1420.05
1438.87 1423.93
1445.53 1427.83
1452.2 1431.74
1458.86 1435.66
1465.52 1439.57
1472.18 1443.49
1478.84 1447.41
1485.5 1451.35
1492.16 1455.31
1498.83 1459.29
1505.49 1463.31
1512.15 1467.37
1518.81 1471.47
1525.47 1475.62
1532.13 1479.83
1538.79 1484.1
1545.46 1488.4
1552.12 1492.74
1558.78 1497.1
1565.44 1501.47
1572.1 1505.84
1578.76 1510.21
1585.42 1514.54
1592.09 1518.85
1598.75 1523.12
1605.41 1527.33
1612.07 1531.51
1618.73 1535.66
1625.39 1539.8
1632.05 1543.95
1638.72 1548.1
1645.38 1552.28
1652.04 1556.49
1658.7 1560.76
1665.36 1565.08
1672.02 1569.49
1678.68 1573.97
1685.35 1578.52
1692.01 1583.15
1698.67 1587.86
1705.33 1592.64
1711.99 1597.49
1718.65 1602.41
1725.32 1607.39
1731.98 1612.45
1738.64 1617.57
1745.3 1622.74
1751.96 1627.92
1758.62 1633.07
1765.28 1638.16
1771.95 1643.13
1778.61 1647.95
1785.27 1652.57
1791.93 1656.96
1798.59 1661.08
1805.25 1664.87
1811.91 1668.32
1818.58 1671.44
1825.24 1674.26
1831.9 1676.84
1838.56 1679.21
1845.22 1681.41
1851.88 1683.48
1858.54 1685.46
1865.21 1687.39
1871.87 1689.32
1878.53 1691.28
1885.19 1693.28
1891.85 1695.33
1898.51 1697.42
1905.17 1699.53
1911.84 1701.66
1918.5 1703.8
1925.16 1705.94
1931.82 1708.07
1938.48 1710.19
1945.14 1712.28
1951.8 1714.35
1958.47 1716.39
1965.13 1718.42
1971.79 1720.45
1978.45 1722.49
1985.11 1724.55
1991.77 1726.63
1998.43 1728.75
2005.1 1730.92
2011.76 1733.15
2018.42 1735.44
2025.08 1737.8
2031.74 1740.22
2038.4 1742.67
2045.06 1745.16
2051.73 1747.66
2058.39 1750.17
2065.05 1752.67
2071.71 1755.16
2078.37 1757.61
2085.03 1760.03
2091.69 1762.4
2098.36 1764.75
2105.02 1767.09
2111.68 1769.46
2118.34 1771.87
2125 1774.35
2131.66 1776.92
2138.32 1779.61
2144.99 1782.44
2151.65 1785.43
2158.31 1788.6
2164.97 1791.94
2171.63 1795.44
2178.29 1799.08
2184.95 1802.83
2191.62 1806.67
2198.28 1810.58
2204.94 1814.54
2211.6 1818.53
2218.26 1822.52
2224.92 1826.51
2231.59 1830.46
2238.25 1834.37
2244.91 1838.23
2251.57 1842.04
2258.23 1845.79
2264.89 1849.47
2271.55 1853.07
2278.22 1856.58
2284.88 1860.01
2291.54 1863.33
2298.2 1866.55
2304.86 1869.69
2311.52 1872.79
2318.18 1875.88
2324.85 1879.01
2331.51 1882.22
2338.17 1885.52
2344.83 1888.98
2351.49 1892.62
2358.15 1896.47
2364.81 1900.58
2371.48 1904.95
2378.14 1909.55
2384.8 1914.34
2391.46 1919.28
2398.12 1924.33
2404.78 1929.47
2411.44 1934.65
2418.11 1939.84
2424.77 1945.01
2431.43 1950.11
2438.09 1955.12
2444.75 1960.06
2451.41 1964.96
2458.07 1969.85
2464.74 1974.77
2471.4 1979.73
2478.06 1984.78
2484.72 1989.94
2491.38 1995.24
2498.04 2000.72
2504.7 2006.39
2511.37 2012.23
2518.03 2018.14
2524.69 2024.05
2531.35 2029.85
2538.01 2035.46
2544.67 2040.79
2551.33 2045.76
2558 2050.27
2564.66 2054.24
2571.32 2057.58
2577.98 2060.24
2584.64 2062.32
2591.3 2063.93
2597.96 2065.19
2604.63 2066.19
2611.29 2067.06
2617.95 2067.91
2624.61 2068.84
2631.27 2069.97
2637.93 2071.41
2644.59 2073.26
2651.26 2075.54
2657.92 2078.21
2664.58 2081.23
2671.24 2084.56
2677.9 2088.17
2684.56 2092.02
2691.23 2096.07
2697.89 2100.29
2704.55 2104.63
2711.21 2109.07
2717.87 2113.57
2724.53 2118.13
2731.19 2122.74
2737.86 2127.4
2744.52 2132.11
2751.18 2136.85
2757.84 2141.64
2764.5 2146.46
2771.16 2151.3
2777.82 2156.17
2784.49 2161.06
2791.15 2165.96
2797.81 2170.88
2804.47 2175.81
2811.13 2180.76
2817.79 2185.71
2824.45 2190.66
2831.12 2195.63
2837.78 2200.59
2844.44 2205.55
2851.1 2210.51
2857.76 2215.46
2864.42 2220.41
2871.08 2225.35
2877.75 2230.29
2884.41 2235.21
2891.07 2240.12
2897.73 2245.02
2904.39 2249.91
2911.05 2254.78
2917.71 2259.63
2924.38 2264.47
2931.04 2269.27
2937.7 2274.03
2944.36 2278.73
2951.02 2283.35
2957.68 2287.89
2964.34 2292.32
2971.01 2296.64
2977.67 2300.83
2984.33 2304.88
2990.99 2308.76
2997.65 2312.48
3004.31 2316.02
3010.97 2319.36
3017.64 2322.51
3024.3 2325.44
3030.96 2328.15
3037.62 2330.63
3044.28 2332.86
3050.94 2334.84
3057.6 2336.56
3064.27 2338.01
3070.93 2339.2
3077.59 2340.14
3084.25 2340.86
3090.91 2341.36
3097.57 2341.66
3104.23 2341.77
3110.9 2341.7
3117.56 2341.47
3124.22 2341.1
3130.88 2340.59
3137.54 2339.97
3144.2 2339.29
3150.86 2338.56
3157.53 2337.83
3164.19 2337.13
3170.85 2336.49
3177.51 2335.95
3184.17 2335.54
3190.83 2335.29
3197.5 2335.23
3204.16 2335.39
3210.82 2335.76
3217.48 2336.31
3224.14 2337.03
3230.8 2337.9
3237.46 2338.92
3244.13 2340.06
3250.79 2341.32
3257.45 2342.67
3264.11 2344.11
3270.77 2345.6
3277.43 2347.13
3284.09 2348.64
3290.76 2350.09
3297.42 2351.44
3304.08 2352.65
3310.74 2353.68
3317.4 2354.48
3324.06 2355.01
3330.72 2355.23
3337.39 2355.09
3344.05 2354.6
3350.71 2353.78
3357.37 2352.67
3364.03 2351.3
3370.69 2349.72
3377.35 2347.95
3384.02 2346.05
3390.68 2344.03
3397.34 2341.94
3404 2339.81