0 692.624
34.3838 692.2
68.7677 699.637
103.152 708.219
137.535 718.191
171.919 728.693
206.303 746.634
240.687 759.218
275.071 770.446
309.455 775.416
343.838 794.114
378.222 813.74
412.606 823.642
446.99 833.752
481.374 847.117
515.758 867.763
550.141 893.225
584.525 914.28
618.909 927.178
653.293 942.958
687.677 953.005
722.061 966.665
756.444 989.988
790.828 998.153
825.212 1018.34
859.596 1036.21
893.98 1065.14
928.364 1094.49
962.747 1131.23
997.131 1144.91
1031.52 1167.29
1065.9 1182.9
1100.28 1205.88
1134.67 1231.56
1169.05 1255.37
1203.43 1279.5
1237.82 1303.11
1272.2 1321.39
1306.59 1343.27
1340.97 1371.12
1375.35 1384.29
1409.74 1405.99
1444.12 1427.51
1478.51 1447.61
1512.89 1466.29
1547.27 1487.71
1581.66 1508.98
1616.04 1536.39
1650.42 1558.37
1684.81 1577.63
1719.19 1601.75
1753.58 1627
1787.96 1656.62
1822.34 1674.26
1856.73 1684.56
1891.11 1694.4
1925.49 1705.31
1959.88 1716.37
1994.26 1730.18
2028.65 1739.84
2063.03 1753.32
2097.41 1763.54
2131.8 1776.49
2166.18 1793.33
2200.57 1810.22
2234.95 1833.99
2269.33 1853.24
2303.72 1871.54
2338.1 1887.73
2372.48 1903.11
2406.87 1929.66
2441.25 1954.57
2475.64 1986.89
2510.02 2015.93
2544.4 2044.59
2578.79 2056.82
2613.17 2060.16
2647.56 2074.94
2681.94 2093.32
2716.32 2111.47
2750.71 2138.01
2785.09 2161.38
2819.47 2182.77
2853.86 2208.38
2888.24 2239.65
2922.63 2264.17
2957.01 2287.32
2991.39 2310.4
3025.78 2331.85
3060.16 2336.33
3094.55 2340.88
3128.93 2340.6
3163.31 2338.79
3197.7 2335.23
3232.08 2341.78
3266.46 2344.32
3300.85 2350.77
3335.23 2355.2
3369.62 2358.33
3404 2339.81