0 68.3907
225.667 133.182
451.335 191.809
677.002 244.609
902.67 291.911
1128.34 334.027
1354 371.259
1579.67 403.897
1805.34 432.221
2031.01 456.497
2256.67 476.981
2482.34 493.921
2708.01 507.552
2933.68 518.099
3159.34 525.78
3385.01 530.801
3610.68 533.36
3836.35 533.647
4062.01 531.841
4287.68 528.116
4513.35 522.635
4739.02 515.555
4964.68 507.026
5190.35 497.188
5416.02 486.178
5641.69 474.122
5867.35 461.142
6093.02 447.354
6318.69 432.865
6544.36 417.779
6770.02 402.193
6995.69 386.199
7221.36 369.882
7447.03 353.324
7672.69 336.601
7898.36 319.784
8124.03 302.941
8349.7 286.132
8575.36 269.416
8801.03 252.848
9026.7 236.476
9252.37 220.347
9478.03 204.504
9703.7 188.985
9929.37 173.826
10155 159.059
10380.7 144.715
10606.4 130.818
10832 117.392
11057.7 104.46
11283.4 92.0375
11509 80.1421
11734.7 68.7868
11960.4 57.983
12186 47.7398
12411.7 38.0644
12637.4 28.9621
12863 20.4365
13088.7 12.4893
13314.4 5.12064
13540 -1.67075
13765.7 -7.88766
13991.4 -13.5342
14217.1 -18.6157
14442.7 -23.1388
14668.4 -27.111
14894.1 -30.5412
15119.7 -33.4388
15345.4 -35.8144
15571.1 -37.6794
15796.7 -39.0459
16022.4 -39.9266
16248.1 -40.3349
16473.7 -40.2847
16699.4 -39.7907
16925.1 -38.8677
17150.7 -37.531
17376.4 -35.7965
17602.1 -33.68
17827.7 -31.1978
18053.4 -28.3665
18279.1 -25.2028
18504.7 -21.7233
18730.4 -17.9451
18956.1 -13.885
19181.7 -9.56008
19407.4 -4.98725
19633.1 -0.183443
19858.7 4.83449
20084.4 10.0498
20310.1 15.4459
20535.7 21.0063
20761.4 26.7148
20987.1 32.5552
21212.7 38.5118
21438.4 44.5689
21664.1 50.7112
21889.7 56.9237
22115.4 63.1917
22341.1 69.5006
22566.7 75.8365
22792.4 82.1856
23018.1 88.5345
23243.7 94.8702
23469.4 101.18
23695.1 107.452
23920.8 113.674
24146.4 119.834
24372.1 125.923
24597.8 131.928
24823.4 137.84
25049.1 143.649
25274.8 149.346
25500.4 154.922
25726.1 160.368
25951.8 165.676
26177.4 170.84
26403.1 175.851
26628.8 180.703
26854.4 185.389
27080.1 189.905
27305.8 194.244
27531.4 198.401
27757.1 202.373
27982.8 206.153
28208.4 209.74
28434.1 213.13
28659.8 216.319
28885.4 219.306
29111.1 222.088
29336.8 224.663
29562.4 227.03
29788.1 229.188
30013.8 231.137
30239.4 232.875
30465.1 234.404
30690.8 235.723
30916.4 236.834
31142.1 237.737
31367.8 238.434
31593.4 238.926
31819.1 239.216
32044.8 239.306
32270.4 239.198
32496.1 238.894
32721.8 238.399
32947.5 237.716
33173.1 236.847
33398.8 235.797
33624.5 234.57
33850.1 233.17
34075.8 231.601
34301.5 229.868
34527.1 227.975
34752.8 225.928
34978.5 223.732
35204.1 221.391
35429.8 218.912
35655.5 216.299
35881.1 213.559
36106.8 210.696
36332.5 207.717
36558.1 204.627
36783.8 201.433
37009.5 198.14
37235.1 194.754
37460.8 191.283
37686.5 187.731
37912.1 184.104
38137.8 180.41
38363.5 176.654
38589.1 172.843
38814.8 168.982
39040.5 165.078
39266.1 161.136
39491.8 157.164
39717.5 153.167
39943.1 149.151
40168.8 145.122
40394.5 141.086
40620.1 137.049
40845.8 133.016
41071.5 128.994
41297.1 124.987
41522.8 121.002
41748.5 117.043
41974.1 113.116
42199.8 109.226
42425.5 105.378
42651.2 101.577
42876.8 97.8282
43102.5 94.1356
43328.2 90.5039
43553.8 86.9374
43779.5 83.4405
44005.2 80.0171
44230.8 76.6711
44456.5 73.4064
44682.2 70.2264
44907.8 67.1347
45133.5 64.1344
45359.2 61.2286
45584.8 58.4203
45810.5 55.7122
46036.2 53.1069
46261.8 50.6067
46487.5 48.2138
46713.2 45.9303
46938.8 43.758
47164.5 41.6986
47390.2 39.7536
47615.8 37.9243
47841.5 36.2117
48067.2 34.6168
48292.8 33.1405
48518.5 31.7832
48744.2 30.5453
48969.8 29.4271
49195.5 28.4286
49421.2 27.5497
49646.8 26.7901
49872.5 26.1493
50098.2 25.6265
50323.8 25.2211
50549.5 24.932
50775.2 24.7581
51000.8 24.6981
51226.5 24.7504
51452.2 24.9135
51677.9 25.1856
51903.5 25.5648
52129.2 26.0489
52354.9 26.6359
52580.5 27.3233
52806.2 28.1087
53031.9 28.9894
53257.5 29.9628
53483.2 31.0259
53708.9 32.1759
53934.5 33.4095
54160.2 34.7237
54385.9 36.1152
54611.5 37.5804
54837.2 39.1161
55062.9 40.7186
55288.5 42.3842
55514.2 44.1092
55739.9 45.8899
55965.5 47.7223
56191.2 49.6026
56416.9 51.5267
56642.5 53.4906
56868.2 55.4903
57093.9 57.5216
57319.5 59.5804
57545.2 61.6625
57770.9 63.7637
57996.5 65.8798
58222.2 68.0065
58447.9 70.1397
58673.5 72.275
58899.2 74.4084
59124.9 76.5355
59350.5 78.6522
59576.2 80.7542
59801.9 82.8376
60027.5 84.8981
60253.2 86.9316
60478.9 88.9343
60704.5 90.902
60930.2 92.8309
61155.9 94.7171
61381.6 96.5568
61607.2 98.3464
61832.9 100.082
62058.6 101.761
62284.2 103.378
62509.9 104.931
62735.6 106.417
62961.2 107.833
63186.9 109.174
63412.6 110.439
63638.2 111.624
63863.9 112.727
64089.6 113.745
64315.2 114.676
64540.9 115.517
64766.6 116.266
64992.2 116.921
65217.9 117.48
65443.6 117.941
65669.2 118.303
65894.9 118.564
66120.6 118.723
66346.2 118.778
66571.9 118.729
66797.6 118.575
67023.2 118.315
67248.9 117.948
67474.6 117.474
67700.2 116.893
67925.9 116.205
68151.6 115.41
68377.2 114.507
68602.9 113.499
68828.6 112.385
69054.2 111.166
69279.9 109.843
69505.6 108.417
69731.2 106.889
69956.9 105.262
70182.6 103.536
70408.3 101.714
70633.9 99.797
70859.6 97.7877
71085.3 95.6882
71310.9 93.5011
71536.6 91.229
71762.3 88.8746
71987.9 86.4409
72213.6 83.931
72439.3 81.3481
72664.9 78.6957
72890.6 75.9771
73116.3 73.1961
73341.9 70.3564
73567.6 67.4621
73793.3 64.517
74018.9 61.5255
74244.6 58.4916
74470.3 55.42
74695.9 52.3149
74921.6 49.1811
75147.3 46.0232
75372.9 42.8459
75598.6 39.6542
75824.3 36.4529
76049.9 33.247
76275.6 30.0417
76501.3 26.8419
76726.9 23.6529
76952.6 20.4798
77178.3 17.3278
77403.9 14.2023
77629.6 11.1085
77855.3 8.05172
78080.9 5.03715
78306.6 2.07011
78532.3 -0.844151
78757.9 -3.70039
78983.6 -6.49341
79209.3 -9.21804
79434.9 -11.8692
79660.6 -14.4418
79886.3 -16.9309
80112 -19.3315
80337.6 -21.6389
80563.3 -23.8484
80789 -25.9552
81014.6 -27.955
81240.3 -29.8433
81466 -31.6159
81691.6 -33.2688
81917.3 -34.7978
82143 -36.1994
82368.6 -37.4698
82594.3 -38.6056
82820 -39.6037
83045.6 -40.4609
83271.3 -41.1745
83497 -41.7418
83722.6 -42.1604
83948.3 -42.4283
84174 -42.5436
84399.6 -42.5045
84625.3 -42.3098
84851 -41.9583
85076.6 -41.4493
85302.3 -40.7822
85528 -39.9568
85753.6 -38.9732
85979.3 -37.8317
86205 -36.5332
86430.6 -35.0787
86656.3 -33.4695
86882 -31.7074
87107.6 -29.7945
87333.3 -27.7331
87559 -25.5262
87784.6 -23.1769
88010.3 -20.6887
88236 -18.0655
88461.6 -15.3116
88687.3 -12.4317
88913 -9.43078
89138.6 -6.31438
89364.3 -3.0883
89590 0.241231
89815.7 3.6676
90041.3 7.18379
90267 10.7824
90492.7 14.4556
90718.3 18.1953
90944 21.9928
91169.7 25.8392
91395.3 29.7252
91621 33.6411
91846.7 37.5767
92072.3 41.5216
92298 45.465
92523.7 49.3958
92749.3 53.3025
92975 57.1732
93200.7 60.9958
93426.3 64.7578
93652 68.4465
93877.7 72.0489
94103.3 75.5516
94329 78.9412
94554.7 82.2038
94780.3 85.3255
95006 88.2921
95231.7 91.0892
95457.3 93.7023
95683 96.1167
95908.7 98.3178
96134.3 100.291
96360 102.021
96585.7 103.493
96811.3 104.692
97037 105.603
97262.7 106.213
97488.3 106.505
97714 106.466
97939.7 106.081
98165.3 105.336
98391 104.218
98616.7 102.712
98842.4 100.807
99068 98.4887
99293.7 95.7454
99519.4 92.5654
99745 88.9376
99970.7 84.8514
100196 80.297
100422 75.2654
100648 69.7483
100873 63.7383
101099 57.2289
101325 50.2148
101550 42.6915
101776 34.656
102002 26.1061
102227 17.0414
102453 7.46255
102679 -2.62819
102904 -13.227
103130 -24.3284
103356 -35.925
103581 -48.008
103807 -60.566
104033 -73.5861
104258 -87.053
104484 -100.949
104710 -115.255
104935 -129.947
105161 -145.001
105387 -160.389
105612 -176.08
105838 -192.041
106064 -208.235
106289 -224.622
106515 -241.159
106741 -257.798
106966 -274.488
107192 -291.176
107418 -307.802
107643 -324.305
107869 -340.616
108095 -356.665
108320 -372.376
108546 -387.667
108772 -402.452
108997 -416.64
109223 -430.134
109449 -442.834
109674 -454.629
109900 -465.407
110126 -475.047
110351 -483.423
110577 -490.401
110803 -495.842
111028 -499.598
111254 -501.516
111480 -501.432
111705 -499.178
111931 -494.576
112157 -487.439
112382 -477.574
112608 -464.776
112834 -448.833
113059 -429.524
113285 -406.616
113511 -379.869
113736 -349.031
113962 -313.84
114188 -274.022
114413 -229.295
114639 -179.361
114865 -123.914
115090 -62.6338
115316 4.81082