0 60.2901
5.84493 60.2873
11.6899 60.2928
17.5348 60.2932
23.3797 60.2823
29.2246 60.1376
35.0696 59.9641
40.9145 59.7463
46.7594 59.6025
52.6044 59.5069
58.4493 59.4088
64.2942 59.3684
70.1391 59.4028
75.9841 59.8563
81.829 60.4044
87.6739 60.4562
93.5189 60.4379
99.3638 60.3358
105.209 60.3264
111.054 60.3839
116.899 60.5313
122.744 60.6199
128.588 60.6659
134.433 60.8064
140.278 60.9345
146.123 60.8893
151.968 60.8846
157.813 60.8936
163.658 60.9823
169.503 61.0857
175.348 61.263
181.193 61.4266
187.038 61.5706
192.883 61.6764
198.728 61.7659
204.573 61.851
210.417 61.9679
216.262 62.0827
222.107 62.1679
227.952 62.2092
233.797 62.2676
239.642 62.3748
245.487 62.4673
251.332 62.5345
257.177 62.5473
263.022 62.483
268.867 62.3843
274.712 62.2663
280.557 62.0942
286.402 61.9213
292.246 61.7408
298.091 61.706
303.936 61.7102
309.781 61.764
315.626 61.8437
321.471 61.9507
327.316 61.9849
333.161 61.9999
339.006 61.9844
344.851 61.9453
350.696 61.8979
356.541 61.7776
362.386 61.6899
368.231 61.6927
374.075 61.713
379.92 61.7499
385.765 61.7143
391.61 61.6417
397.455 61.5028
403.3 61.3183
409.145 61.1001
414.99 61.0195
420.835 61.0109
426.68 61.1153
432.525 61.2637
438.37 61.4282
444.215 61.3556
450.06 61.2638
455.904 61.0714
461.749 61
467.594 60.9438
473.439 60.9653
479.284 61.0316
485.129 61.1265
490.974 61.2273
496.819 61.3002
502.664 61.3347
508.509 61.2922
514.354 61.1538
520.199 60.9777
526.044 60.8064
531.889 60.7869
537.733 60.8301
543.578 60.9357
549.423 60.9573
555.268 60.9647
561.113 60.9119
566.958 60.8396
572.803 60.7466
578.648 60.6615