0 692.624
6.66145 692.59
13.3229 690.402
19.9843 691.023
26.6458 692.431
33.3072 693.261
39.9687 693.603
46.6301 694.127
53.2916 695.325
59.953 697.257
66.6145 699.637
73.2759 702.06
79.9374 704.194
86.5988 705.886
93.2603 707.173
99.9217 708.219
106.583 709.242
113.245 710.435
119.906 711.924
126.568 713.746
133.229 715.864
139.89 718.191
146.552 720.627
153.213 723.083
159.875 725.508
166.536 727.889
173.198 730.255
179.859 732.66
186.521 735.164
193.182 737.821
199.843 740.661
206.505 743.68
213.166 746.84
219.828 750.069
226.489 753.275
233.151 756.357
239.812 759.218
246.474 761.779
253.135 763.993
259.796 765.846
266.458 767.366
273.119 768.617
279.781 769.693
286.442 770.711
293.104 771.796
299.765 773.072
306.427 774.648
313.088 776.61
319.75 779.011
326.411 781.87
333.072 785.167
339.734 788.85
346.395 792.838
353.057 797.025
359.718 801.297
366.38 805.532
373.041 809.618
379.703 813.456
386.364 816.969
393.025 820.108
399.687 822.853
406.348 825.213
413.01 827.229
419.671 828.962
426.333 830.497
432.994 831.931
439.656 833.365
446.317 834.904
452.978 836.642
459.64 838.66
466.301 841.023
472.963 843.774
479.624 846.932
486.286 850.494
492.947 854.435
499.609 858.71
506.27 863.258
512.932 868.006
519.593 872.875
526.254 877.783
532.916 882.65
539.577 887.404
546.239 891.984
552.9 896.339
559.562 900.437
566.223 904.259
572.885 907.803
579.546 911.081
586.207 914.118
592.869 916.949
599.53 919.62
606.192 922.176
612.853 924.667
619.515 927.142
626.176 929.643
632.838 932.207
639.499 934.862
646.16 937.628
652.822 940.512
659.483 943.514
666.145 946.623
672.806 949.821
679.468 953.084
686.129 956.381
692.791 959.683
699.452 962.957
706.114 966.174
712.775 969.309
719.436 972.342
726.098 975.261
732.759 978.06
739.421 980.745
746.082 983.326
752.744 985.824
759.405 988.266
766.067 990.686
772.728 993.121
779.389 995.611
786.051 998.197
792.712 1000.92
799.374 1003.82
806.035 1006.93
812.697 1010.27
819.358 1013.88
826.02 1017.75
832.681 1021.9
839.342 1026.33
846.004 1031.02
852.665 1035.95
859.327 1041.1
865.988 1046.44
872.65 1051.93
879.311 1057.53
885.973 1063.21
892.634 1068.91
899.295 1074.61
905.957 1080.27
912.618 1085.84
919.28 1091.32
925.941 1096.66
932.603 1101.86
939.264 1106.9
945.926 1111.78
952.587 1116.51
959.249 1121.08
965.91 1125.51
972.571 1129.82
979.233 1134.03
985.894 1138.14
992.556 1142.2
999.217 1146.21
1005.88 1150.2
1012.54 1154.19
1019.2 1158.2
1025.86 1162.23
1032.52 1166.31
1039.19 1170.43
1045.85 1174.6
1052.51 1178.83
1059.17 1183.1
1065.83 1187.41
1072.49 1191.76
1079.15 1196.14
1085.82 1200.54
1092.48 1204.94
1099.14 1209.34
1105.8 1213.73
1112.46 1218.1
1119.12 1222.45
1125.78 1226.77
1132.45 1231.07
1139.11 1235.34
1145.77 1239.6
1152.43 1243.84
1159.09 1248.09
1165.75 1252.33
1172.41 1256.6
1179.08 1260.9
1185.74 1265.24
1192.4 1269.63
1199.06 1274.07
1205.72 1278.59
1212.38 1283.18
1219.05 1287.84
1225.71 1292.58
1232.37 1297.39
1239.03 1302.25
1245.69 1307.18
1252.35 1312.13
1259.01 1317.12
1265.68 1322.11
1272.34 1327.08
1279 1332.02
1285.66 1336.91
1292.32 1341.73
1298.98 1346.46
1305.64 1351.08
1312.31 1355.57
1318.97 1359.93
1325.63 1364.15
1332.29 1368.22
1338.95 1372.15
1345.61 1375.92
1352.27 1379.56
1358.94 1383.07
1365.6 1386.47
1372.26 1389.77
1378.92 1392.99
1385.58 1396.15
1392.24 1399.28
1398.9 1402.4
1405.57 1405.53
1412.23 1408.69
1418.89 1411.9
1425.55 1415.19
1432.21 1418.57
1438.87 1422.05
1445.53 1425.64
1452.2 1429.35
1458.86 1433.19
1465.52 1437.14
1472.18 1441.22
1478.84 1445.4
1485.5 1449.68
1492.16 1454.05
1498.83 1458.49
1505.49 1462.99
1512.15 1467.53
1518.81 1472.09
1525.47 1476.66
1532.13 1481.22
1538.79 1485.76
1545.46 1490.26
1552.12 1494.72
1558.78 1499.13
1565.44 1503.49
1572.1 1507.79
1578.76 1512.04
1585.42 1516.24
1592.09 1520.41
1598.75 1524.54
1605.41 1528.65
1612.07 1532.76
1618.73 1536.88
1625.39 1541.02
1632.05 1545.19
1638.72 1549.42
1645.38 1553.7
1652.04 1558.06
1658.7 1562.49
1665.36 1567
1672.02 1571.6
1678.68 1576.28
1685.35 1581.04
1692.01 1585.87
1698.67 1590.76
1705.33 1595.69
1711.99 1600.66
1718.65 1605.64
1725.32 1610.6
1731.98 1615.54
1738.64 1620.43
1745.3 1625.25
1751.96 1629.97
1758.62 1634.58
1765.28 1639.07
1771.95 1643.4
1778.61 1647.57
1785.27 1651.58
1791.93 1655.4
1798.59 1659.05
1805.25 1662.5
1811.91 1665.78
1818.58 1668.88
1825.24 1671.81
1831.9 1674.59
1838.56 1677.22
1845.22 1679.72
1851.88 1682.11
1858.54 1684.4
1865.21 1686.62
1871.87 1688.78
1878.53 1690.89
1885.19 1692.97
1891.85 1695.04
1898.51 1697.12
1905.17 1699.2
1911.84 1701.31
1918.5 1703.44
1925.16 1705.6
1931.82 1707.8
1938.48 1710.03
1945.14 1712.3
1951.8 1714.59
1958.47 1716.9
1965.13 1719.24
1971.79 1721.58
1978.45 1723.93
1985.11 1726.28
1991.77 1728.62
1998.43 1730.94
2005.1 1733.24
2011.76 1735.51
2018.42 1737.76
2025.08 1739.99
2031.74 1742.19
2038.4 1744.37
2045.06 1746.53
2051.73 1748.68
2058.39 1750.83
2065.05 1752.98
2071.71 1755.15
2078.37 1757.35
2085.03 1759.59
2091.69 1761.88
2098.36 1764.23
2105.02 1766.65
2111.68 1769.16
2118.34 1771.75
2125 1774.44
2131.66 1777.24
2138.32 1780.15
2144.99 1783.16
2151.65 1786.29
2158.31 1789.52
2164.97 1792.86
2171.63 1796.3
2178.29 1799.83
2184.95 1803.45
2191.62 1807.14
2198.28 1810.9
2204.94 1814.7
2211.6 1818.54
2218.26 1822.41
2224.92 1826.29
2231.59 1830.18
2238.25 1834.04
2244.91 1837.89
2251.57 1841.7
2258.23 1845.47
2264.89 1849.19
2271.55 1852.85
2278.22 1856.45
2284.88 1860
2291.54 1863.48
2298.2 1866.91
2304.86 1870.29
2311.52 1873.62
2318.18 1876.93
2324.85 1880.21
2331.51 1883.5
2338.17 1886.79
2344.83 1890.12
2351.49 1893.49
2358.15 1896.94
2364.81 1900.48
2371.48 1904.13
2378.14 1907.92
2384.8 1911.86
2391.46 1915.97
2398.12 1920.27
2404.78 1924.77
2411.44 1929.48
2418.11 1934.4
2424.77 1939.54
2431.43 1944.89
2438.09 1950.45
2444.75 1956.2
2451.41 1962.11
2458.07 1968.18
2464.74 1974.36
2471.4 1980.62
2478.06 1986.93
2484.72 1993.25
2491.38 1999.52
2498.04 2005.71
2504.7 2011.77
2511.37 2017.65
2518.03 2023.31
2524.69 2028.71
2531.35 2033.82
2538.01 2038.61
2544.67 2043.04
2551.33 2047.12
2558 2050.82
2564.66 2054.16
2571.32 2057.14
2577.98 2059.79
2584.64 2062.12
2591.3 2064.18
2597.96 2066.01
2604.63 2067.66
2611.29 2069.18
2617.95 2070.63
2624.61 2072.07
2631.27 2073.56
2637.93 2075.14
2644.59 2076.89
2651.26 2078.83
2657.92 2081.01
2664.58 2083.45
2671.24 2086.19
2677.9 2089.23
2684.56 2092.58
2691.23 2096.22
2697.89 2100.14
2704.55 2104.32
2711.21 2108.72
2717.87 2113.3
2724.53 2118.03
2731.19 2122.87
2737.86 2127.76
2744.52 2132.67
2751.18 2137.58
2757.84 2142.44
2764.5 2147.23
2771.16 2151.94
2777.82 2156.57
2784.49 2161.11
2791.15 2165.58
2797.81 2169.99
2804.47 2174.36
2811.13 2178.73
2817.79 2183.12
2824.45 2187.57
2831.12 2192.1
2837.78 2196.73
2844.44 2201.49
2851.1 2206.39
2857.76 2211.43
2864.42 2216.61
2871.08 2221.92
2877.75 2227.33
2884.41 2232.83
2891.07 2238.39
2897.73 2243.95
2904.39 2249.5
2911.05 2255
2917.71 2260.41
2924.38 2265.7
2931.04 2270.85
2937.7 2275.86
2944.36 2280.71
2951.02 2285.39
2957.68 2289.93
2964.34 2294.32
2971.01 2298.58
2977.67 2302.73
2984.33 2306.77
2990.99 2310.7
2997.65 2314.54
3004.31 2318.26
3010.97 2321.84
3017.64 2325.27
3024.3 2328.5
3030.96 2331.49
3037.62 2334.21
3044.28 2336.59
3050.94 2338.62
3057.6 2340.26
3064.27 2341.5
3070.93 2342.34
3077.59 2342.8
3084.25 2342.92
3090.91 2342.75
3097.57 2342.37
3104.23 2341.84
3110.9 2341.25
3117.56 2340.66
3124.22 2340.13
3130.88 2339.7
3137.54 2339.38
3144.2 2339.17
3150.86 2339.04
3157.53 2338.93
3164.19 2338.79
3170.85 2338.54
3177.51 2338.16
3184.17 2337.6
3190.83 2336.88
3197.5 2336.05
3204.16 2335.2
3210.82 2334.46
3217.48 2333.97
3224.14 2333.89
3230.8 2334.33
3237.46 2335.37
3244.13 2337.01
3250.79 2339.17
3257.45 2341.69
3264.11 2344.32
3270.77 2346.78
3277.43 2348.82
3284.09 2350.23
3290.76 2350.95
3297.42 2351.04
3304.08 2350.77
3310.74 2350.48
3317.4 2350.59
3324.06 2351.4
3330.72 2353
3337.39 2355.2
3344.05 2357.44
3350.71 2359.04
3357.37 2359.38
3364.03 2358.25
3370.69 2356.1
3377.35 2353.79
3384.02 2351.84
3390.68 2349.28
3397.34 2344.02
3404 2339.81