0 60.2901
1.13238 3.90933e+24
2.26477 2.55123e+24
3.39715 1.08879e+24
4.52953 3.12657e+23
5.66192 2.08087e+22
6.7943 -4.67159e+22
7.92668 -3.97229e+22
9.05907 -2.05446e+22
10.1915 -7.19642e+21
11.3238 -9.51925e+20
12.4562 9.66418e+20
13.5886 1.03477e+21
14.721 6.17786e+20
15.8534 2.51026e+20
16.9858 4.85582e+19
18.1181 -2.72163e+19
19.2505 -3.75683e+19
20.3829 -2.54239e+19
21.5153 -1.16855e+19
22.6477 -2.92519e+18
23.7801 9.04338e+17
24.9124 1.74001e+18
26.0448 1.32599e+18
27.1772 6.79135e+17
28.3096 2.06318e+17
29.442 -2.94161e+16
30.5744 -9.74441e+16
31.7067 -8.36578e+16
32.8391 -4.72945e+16
33.9715 -1.67758e+16
35.1039 3.32205e+14
36.2363 6.35524e+15
37.3687 6.18702e+15
38.501 3.83791e+15
39.6334 1.54999e+15
40.7658 1.19839e+14
41.8982 -4.68465e+14
43.0306 -5.24245e+14
44.163 -3.55652e+14
45.2953 -1.60746e+14
46.4277 -2.54234e+13
47.5601 3.79564e+13
48.6925 5.0005e+13
49.8249 3.7061e+13
50.9573 1.85198e+13
52.0896 4.22489e+12
53.222 -3.27383e+12
54.3544 -5.29313e+12
55.4868 -4.2903e+12
56.6192 -2.34997e+12
57.7516 -6.82892e+11
58.8839 2.86219e+11
60.0163 6.14226e+11
61.1487 5.46302e+11
62.2811 3.26003e+11
63.4135 1.1339e+11
64.5459 -2.26752e+10
65.6782 -7.72767e+10
66.8106 -7.58829e+10
67.943 -4.91334e+10
69.0754 -1.9722e+10
70.2078 9.25303e+08
71.3402 1.04271e+10
72.4725 1.1416e+10
73.6049 8.00106e+09
74.7373 3.62083e+09
75.8697 2.50762e+08
77.0021 -1.49139e+09
78.1345 -1.84839e+09
79.2668 -1.40103e+09
80.3992 -7.03632e+08
81.5316 -1.14607e+08
82.664 2.22894e+08
83.7964 3.20239e+08
84.9288 2.62671e+08
86.0611 1.44805e+08
87.1935 3.50226e+07
88.3259 -3.40952e+07
89.4583 -5.90447e+07
90.5907 -5.25258e+07
91.7231 -3.15402e+07
92.8554 -9.80734e+06
93.9878 5.14626e+06
95.1202 1.1523e+07
96.2526 1.11635e+07
97.385 7.26258e+06
98.5174 2.71055e+06
99.6497 -702900
100.782 -2.36669e+06
101.915 -2.51334e+06
103.047 -1.76529e+06
104.179 -760397
105.312 60407.7
106.444 508428
107.576 597670
108.709 452351
109.841 219488
110.974 11944
112.106 -113240
113.238 -149549
114.371 -121881
115.503 -65488
116.636 -10411
117.768 25982.3
118.9 39377.4
120.033 34601.2
121.165 20402.8
122.297 5094.18
123.43 -5927.27
124.562 -10751.7
125.695 -10201.7
126.827 -6509.45
127.959 -2062.46
129.092 1415.7
130.224 3161.8
131.356 3253.74
132.489 2271.01
133.621 924.157
134.754 -219.359
135.886 -863.183
137.018 -977.793
138.151 -713.757
139.283 -289.539
140.416 101.956
141.548 345.634
142.68 413.586
143.813 343.748
144.945 205.239
146.077 65.7948
147.21 -29.2591
148.342 -63.8776
149.475 -46.6512
150.607 0.0445572
151.739 51.6573
152.872 89.9555
154.004 106.782
155.137 103.434
156.269 87.2601
157.401 67.4368
158.534 51.4847
159.666 43.391
160.798 43.4206
161.931 49.1568
163.063 57.0715
164.196 63.9763
165.328 67.9357
166.46 68.5179
167.593 66.4983
168.725 63.2686
169.858 60.2194
170.99 58.2984
172.122 57.8309
173.255 58.5874
174.387 60.0069
175.519 61.4649
176.652 62.489
177.784 62.8697
178.917 62.6582
180.049 62.0833
181.181 61.4327
182.314 60.9464
183.446 60.7518
184.579 60.8507
185.711 61.1495
186.843 61.5117
187.976 61.8123
189.108 61.9748
190.24 61.9847
191.373 61.8798
192.505 61.7264
193.638 61.5914
194.77 61.521
195.902 61.5302
197.035 61.6047
198.167 61.7121
199.299 61.8156
200.432 61.8875
201.564 61.9158
202.697 61.9056
203.829 61.8737
204.961 61.8409
206.094 61.825
207.226 61.835
208.359 61.8702
209.491 61.922
210.623 61.9777
211.756 62.026
212.888 62.0594
214.02 62.0769
215.153 62.0823
216.285 62.0827
217.418 62.0853
218.55 62.0951
219.682 62.1133
220.815 62.1379
221.947 62.1643
223.08 62.1875
224.212 62.2037
225.344 62.2117
226.477 62.2127
227.609 62.2101
228.741 62.2081
229.874 62.2104
231.006 62.2194
232.139 62.2352
233.271 62.2565
234.403 62.2808
235.536 62.3052
236.668 62.3278
237.801 62.3476
238.933 62.3648
240.065 62.3806
241.198 62.3965
242.33 62.4135
243.462 62.432
244.595 62.4517
245.727 62.4714
246.86 62.4898
247.992 62.5057
249.124 62.5184
250.257 62.5279
251.389 62.5348
252.522 62.5398
253.654 62.5436
254.786 62.5465
255.919 62.5481
257.051 62.5475
258.183 62.5439
259.316 62.5362
260.448 62.5241
261.581 62.5079
262.713 62.4886
263.845 62.4677
264.978 62.4467
266.11 62.4268
267.243 62.4085
268.375 62.3915
269.507 62.3748
270.64 62.357
271.772 62.3366
272.904 62.3126
274.037 62.2846
275.169 62.2533
276.302 62.2196
277.434 62.1851
278.566 62.151
279.699 62.1182
280.831 62.0867
281.963 62.0559
283.096 62.0246
284.228 61.9916
285.361 61.9562
286.493 61.9182
287.625 61.8785
288.758 61.8389
289.89 61.8016
291.023 61.7689
292.155 61.7426
293.287 61.7237
294.42 61.7119
295.552 61.7063
296.684 61.7048
297.817 61.7056
298.949 61.707
300.082 61.7078
301.214 61.7079
302.346 61.708
303.479 61.7092
304.611 61.7125
305.744 61.7188
306.876 61.7284
308.008 61.7409
309.141 61.7554
310.273 61.7708
311.405 61.7862
312.538 61.8012
313.67 61.8162
314.803 61.8316
315.935 61.8485
317.067 61.8673
318.2 61.8883
319.332 61.9106
320.465 61.9327
321.597 61.9528
322.729 61.9689
323.862 61.9799
324.994 61.9855
326.126 61.9866
327.259 61.985
328.391 61.983
329.524 61.9827
330.656 61.9854
331.788 61.991
332.921 61.9983
334.053 62.0051
335.186 62.0089
336.318 62.0078
337.45 62.001
338.583 61.9895
339.715 61.9754
340.847 61.9618
341.98 61.9512
343.112 61.9455
344.245 61.9445
345.377 61.9462
346.509 61.9474
347.642 61.9442
348.774 61.9338
349.907 61.9152
351.039 61.8896
352.171 61.8602
353.304 61.8312
354.436 61.8066
355.568 61.7884
356.701 61.7761
357.833 61.7669
358.966 61.7564
360.098 61.7406
361.23 61.718
362.363 61.6904
363.495 61.6633
364.627 61.6442
365.76 61.6401
366.892 61.6547
368.025 61.6858
369.157 61.7251
370.289 61.7598
371.422 61.7765
372.554 61.7665
373.687 61.73
374.819 61.6778
375.951 61.6297
377.084 61.6083
378.216 61.6308
379.348 61.7007
380.481 61.8026
381.613 61.904
382.746 61.9632
383.878 61.9442
385.01 61.8326
386.143 61.6468
387.275 61.4399
388.408 61.2874
389.54 61.2627
390.672 61.4063
391.805 61.6999
392.937 62.0561
394.069 62.3347
395.202 62.3845
396.334 62.1031
397.467 61.4954
398.599 60.7053
399.731 60.0002
400.864 59.698
401.996 60.0492
403.129 61.107
404.261 62.6369
405.393 64.1173
406.526 64.8629
407.658 64.2628
408.79 62.0734
409.923 58.6608
411.055 55.07
412.188 52.8248
413.32 53.4415
414.452 57.7556
415.585 65.2806
416.717 73.8925
417.85 80.1115
418.982 80.1036
420.114 71.259
421.247 53.8931
422.379 32.3626
423.511 14.8423
424.644 11.2721
425.776 29.5806
426.909 71.1151
428.041 126.993
429.173 177.467
430.306 196.024
431.438 158.575
432.571 55.972
433.703 -94.3484
434.835 -243.454
435.968 -318.413
437.1 -244.997
438.232 17.3062
439.365 438.144
440.497 893.6
441.63 1176.53
442.762 1052.85
443.894 361.811
445.027 -863.992
446.159 -2306.24
447.291 -3357.12
448.424 -3256.98
449.556 -1387.89
450.689 2330.71
451.821 7080.66
452.953 11020
454.086 11601.7
455.218 6449.22
456.351 -5306.43
457.483 -21620.7
458.615 -36737.4
459.748 -41807.1
460.88 -27530.6
462.012 11202.3
463.145 69772.3
464.277 129693
465.41 159039
466.542 120407
467.674 -12556.6
468.807 -232826
469.939 -479786
471.072 -633714
472.204 -538867
473.336 -63890.1
474.469 805632
475.601 1.86945e+06
476.733 2.66063e+06
477.866 2.50451e+06
478.998 743660
480.131 -2.86613e+06
481.263 -7.67703e+06
482.395 -1.17966e+07
483.528 -1.21725e+07
484.66 -5.43447e+06
485.793 1.03536e+07
486.925 3.3286e+07
488.057 5.54155e+07
489.19 6.22735e+07
490.322 3.59487e+07
491.454 -3.69149e+07
492.587 -1.52584e+08
493.719 -2.76698e+08
494.852 -3.37241e+08
495.984 -2.34659e+08
497.116 1.20622e+08
498.249 7.40349e+08
499.381 1.47372e+09
500.514 1.94376e+09
501.646 1.56791e+09
502.778 -2.63556e+08
503.911 -3.80454e+09
505.043 -8.40477e+09
506.175 -1.19889e+10
507.308 -1.09475e+10
508.44 -9.71232e+08
509.573 2.06957e+10
510.705 5.15461e+10
511.837 7.95894e+10
512.97 8.10312e+10
514.102 2.3771e+10
515.235 -1.18841e+11
516.367 -3.41595e+11
517.499 -5.72295e+11
518.632 -6.433e+11
519.764 -2.99697e+11
520.896 7.14885e+11
522.029 2.45951e+12
523.161 4.48928e+12
524.294 5.53738e+12
525.426 3.42415e+12
526.558 -4.41791e+12
527.691 -1.93618e+13
528.823 -3.87375e+13
529.955 -5.2256e+13
531.088 -3.96567e+13
532.22 2.65567e+13
533.353 1.67877e+14
534.485 3.71355e+14
535.617 5.47281e+14
536.75 4.88952e+14
537.882 -1.25055e+14
539.015 -1.61714e+15
540.147 -4.0034e+15
541.279 -6.45255e+15
542.412 -6.62673e+15
543.544 -3.46331e+14
544.676 1.74859e+16
545.809 4.92872e+16
546.941 8.71665e+16
548.074 1.01513e+17
549.206 3.06388e+16
550.338 -2.14854e+17
551.471 -7.0711e+17
552.603 -1.38037e+18
553.736 -1.81105e+18
554.868 -9.41098e+17
556 3.04358e+18
557.133 1.21563e+19
558.265 2.64438e+19
559.397 3.90689e+19
560.53 2.82988e+19
561.662 -5.04812e+19
562.795 -2.60925e+20
563.927 -6.42044e+20
565.059 -1.07523e+21
566.192 -1.00404e+21
567.324 9.88832e+20
568.457 7.47427e+21
569.589 2.13345e+22
570.721 4.12438e+22
571.854 4.84972e+22
572.986 -2.15989e+22
574.118 -3.24482e+23
575.251 -1.1298e+24
576.383 -2.64693e+24
577.516 -4.05538e+24
578.648 60.6615