0 60.2901
1.13238 60.2892
2.26477 60.3126
3.39715 60.2862
4.52953 60.2615
5.66192 60.2652
6.7943 60.2889
7.92668 60.3124
9.05907 60.321
10.1915 60.3123
11.3238 60.2928
12.4562 60.2728
13.5886 60.2611
14.721 60.2618
15.8534 60.274
16.9858 60.2932
18.1181 60.313
19.2505 60.3274
20.3829 60.3321
21.5153 60.3255
22.6477 60.3081
23.7801 60.2823
24.9124 60.2514
26.0448 60.2188
27.1772 60.1873
28.3096 60.1581
29.442 60.1317
30.5744 60.107
31.7067 60.0823
32.8391 60.0557
33.9715 60.0252
35.1039 59.9896
36.2363 59.9483
37.3687 59.9017
38.501 59.8511
39.6334 59.7985
40.7658 59.7463
41.8982 59.6969
43.0306 59.6527
44.163 59.6154
45.2953 59.5861
46.4277 59.565
47.5601 59.5517
48.6925 59.5447
49.8249 59.5421
50.9573 59.5418
52.0896 59.5413
53.222 59.5383
54.3544 59.531
55.4868 59.5182
56.6192 59.4992
57.7516 59.4742
58.8839 59.4442
60.0163 59.4108
61.1487 59.3763
62.2811 59.3433
63.4135 59.3147
64.5459 59.2932
65.6782 59.2815
66.8106 59.2819
67.943 59.2959
69.0754 59.3245
70.2078 59.3681
71.3402 59.4261
72.4725 59.4973
73.6049 59.5799
74.7373 59.6715
75.8697 59.7694
77.0021 59.8705
78.1345 59.9718
79.2668 60.0702
80.3992 60.1629
81.5316 60.2476
82.664 60.3223
83.7964 60.3854
84.9288 60.4362
86.0611 60.4741
87.1935 60.4996
88.3259 60.5132
89.4583 60.5161
90.5907 60.5097
91.7231 60.4958
92.8554 60.4763
93.9878 60.453
95.1202 60.4278
96.2526 60.4024
97.385 60.3784
98.5174 60.3571
99.6497 60.3395
100.782 60.3262
101.915 60.3178
103.047 60.3143
104.179 60.3156
105.312 60.3214
106.444 60.3312
107.576 60.3444
108.709 60.3603
109.841 60.3782
110.974 60.3974
112.106 60.4173
113.238 60.4374
114.371 60.4573
115.503 60.4767
116.636 60.4955
117.768 60.5136
118.9 60.5311
120.033 60.5481
121.165 60.5649
122.297 60.5818
123.43 60.599
124.562 60.6168
125.695 60.6355
126.827 60.6551
127.959 60.6757
129.092 60.6974
130.224 60.7201
131.356 60.7435
132.489 60.7675
133.621 60.7915
134.754 60.8153
135.886 60.8384
137.018 60.8604
138.151 60.8807
139.283 60.8991
140.416 60.915
141.548 60.9282
142.68 60.9386
143.813 60.9459
144.945 60.9502
146.077 60.9516
147.21 60.9503
148.342 60.9466
149.475 60.941
150.607 60.9339
151.739 60.926
152.872 60.9178
154.004 60.9099
155.137 60.9029
156.269 60.8976
157.401 60.8943
158.534 60.8938
159.666 60.8963
160.798 60.9022
161.931 60.9118
163.063 60.9252
164.196 60.9424
165.328 60.9634
166.46 60.988
167.593 61.0159
168.725 61.0467
169.858 61.0802
170.99 61.1157
172.122 61.1528
173.255 61.191
174.387 61.2297
175.519 61.2685
176.652 61.3069
177.784 61.3444
178.917 61.3807
180.049 61.4154
181.181 61.4484
182.314 61.4793
183.446 61.5082
184.579 61.535
185.711 61.5597
186.843 61.5825
187.976 61.6034
189.108 61.6227
190.24 61.6407
191.373 61.6574
192.505 61.6733
193.638 61.6886
194.77 61.7036
195.902 61.7184
197.035 61.7333
198.167 61.7486
199.299 61.7642
200.432 61.7805
201.564 61.7973
202.697 61.8149
203.829 61.8331
204.961 61.8519
206.094 61.8714
207.226 61.8913
208.359 61.9115
209.491 61.9321
210.623 61.9527
211.756 61.9734
212.888 61.994
214.02 62.0143
215.153 62.0343
216.285 62.0539
217.418 62.073
218.55 62.0916
219.682 62.1097
220.815 62.1272
221.947 62.1443
223.08 62.161
224.212 62.1772
225.344 62.1931
226.477 62.2087
227.609 62.2242
228.741 62.2395
229.874 62.2547
231.006 62.27
232.139 62.2853
233.271 62.3007
234.403 62.3162
235.536 62.3317
236.668 62.3473
237.801 62.3628
238.933 62.3783
240.065 62.3936
241.198 62.4087
242.33 62.4233
243.462 62.4375
244.595 62.451
245.727 62.4638
246.86 62.4756
247.992 62.4864
249.124 62.4961
250.257 62.5044
251.389 62.5113
252.522 62.5166
253.654 62.5203
254.786 62.5224
255.919 62.5226
257.051 62.5211
258.183 62.5176
259.316 62.5123
260.448 62.5051
261.581 62.496
262.713 62.485
263.845 62.4721
264.978 62.4573
266.11 62.4408
267.243 62.4224
268.375 62.4024
269.507 62.3808
270.64 62.3576
271.772 62.3329
272.904 62.3068
274.037 62.2794
275.169 62.2509
276.302 62.2213
277.434 62.1908
278.566 62.1596
279.699 62.1278
280.831 62.0956
281.963 62.0632
283.096 62.0308
284.228 61.9987
285.361 61.967
286.493 61.9361
287.625 61.9061
288.758 61.8772
289.89 61.8498
291.023 61.8241
292.155 61.8002
293.287 61.7785
294.42 61.759
295.552 61.742
296.684 61.7276
297.817 61.7159
298.949 61.707
300.082 61.7009
301.214 61.6976
302.346 61.6971
303.479 61.6992
304.611 61.704
305.744 61.7112
306.876 61.7207
308.008 61.7321
309.141 61.7454
310.273 61.7602
311.405 61.7763
312.538 61.7933
313.67 61.811
314.803 61.829
315.935 61.8471
317.067 61.865
318.2 61.8825
319.332 61.8992
320.465 61.9151
321.597 61.9298
322.729 61.9433
323.862 61.9554
324.994 61.9661
326.126 61.9752
327.259 61.9828
328.391 61.9888
329.524 61.9933
330.656 61.9964
331.788 61.998
332.921 61.9983
334.053 61.9974
335.186 61.9954
336.318 61.9923
337.45 61.9883
338.583 61.9834
339.715 61.9777
340.847 61.9713
341.98 61.9643
343.112 61.9567
344.245 61.9485
345.377 61.9397
346.509 61.9304
347.642 61.9206
348.774 61.9103
349.907 61.8995
351.039 61.8882
352.171 61.8764
353.304 61.8642
354.436 61.8516
355.568 61.8387
356.701 61.8255
357.833 61.8122
358.966 61.7988
360.098 61.7855
361.23 61.7724
362.363 61.7598
363.495 61.7477
364.627 61.7364
365.76 61.726
366.892 61.7166
368.025 61.7084
369.157 61.7015
370.289 61.6961
371.422 61.6921
372.554 61.6896
373.687 61.6884
374.819 61.6887
375.951 61.6901
377.084 61.6925
378.216 61.6957
379.348 61.6994
380.481 61.7032
381.613 61.7068
382.746 61.7098
383.878 61.7117
385.01 61.7121
386.143 61.7107
387.275 61.7069
388.408 61.7005
389.54 61.691
390.672 61.6783
391.805 61.662
392.937 61.6421
394.069 61.6185
395.202 61.5913
396.334 61.5605
397.467 61.5263
398.599 61.4892
399.731 61.4495
400.864 61.4077
401.996 61.3644
403.129 61.3201
404.261 61.2757
405.393 61.2319
406.526 61.1892
407.658 61.1486
408.79 61.1107
409.923 61.0761
411.055 61.0456
412.188 61.0197
413.32 60.9987
414.452 60.9832
415.585 60.9733
416.717 60.9691
417.85 60.9707
418.982 60.9779
420.114 60.9905
421.247 61.008
422.379 61.0301
423.511 61.0561
424.644 61.0854
425.776 61.1171
426.909 61.1506
428.041 61.1849
429.173 61.2193
430.306 61.253
431.438 61.285
432.571 61.3148
433.703 61.3416
434.835 61.3647
435.968 61.3838
437.1 61.3984
438.232 61.4083
439.365 61.4132
440.497 61.4132
441.63 61.4083
442.762 61.3987
443.894 61.3846
445.027 61.3666
446.159 61.3449
447.291 61.3202
448.424 61.293
449.556 61.264
450.689 61.2336
451.821 61.2027
452.953 61.1717
454.086 61.1412
455.218 61.1118
456.351 61.084
457.483 61.0581
458.615 61.0345
459.748 61.0135
460.88 60.9953
462.012 60.98
463.145 60.9677
464.277 60.9583
465.41 60.9518
466.542 60.9482
467.674 60.9472
468.807 60.9486
469.939 60.9523
471.072 60.958
472.204 60.9655
473.336 60.9746
474.469 60.9851
475.601 60.9967
476.733 61.0092
477.866 61.0227
478.998 61.0368
480.131 61.0516
481.263 61.0669
482.395 61.0827
483.528 61.099
484.66 61.1157
485.793 61.1329
486.925 61.1504
488.057 61.1684
489.19 61.1866
490.322 61.205
491.454 61.2236
492.587 61.2421
493.719 61.2602
494.852 61.2778
495.984 61.2946
497.116 61.3101
498.249 61.324
499.381 61.3359
500.514 61.3453
501.646 61.3518
502.778 61.3551
503.911 61.3546
505.043 61.3501
506.175 61.3414
507.308 61.3283
508.44 61.3108
509.573 61.289
510.705 61.2631
511.837 61.2335
512.97 61.2007
514.102 61.1652
515.235 61.1278
516.367 61.0892
517.499 61.0504
518.632 61.0121
519.764 60.9751
520.896 60.9402
522.029 60.908
523.161 60.8792
524.294 60.8542
525.426 60.8331
526.558 60.8161
527.691 60.8033
528.823 60.7944
529.955 60.7892
531.088 60.7874
532.22 60.7887
533.353 60.7927
534.485 60.7992
535.617 60.8077
536.75 60.8181
537.882 60.8301
539.015 60.8437
540.147 60.8585
541.279 60.8743
542.412 60.8909
543.544 60.9077
544.676 60.9242
545.809 60.9398
546.941 60.9538
548.074 60.9653
549.206 60.9739
550.338 60.979
551.471 60.9803
552.603 60.978
553.736 60.9726
554.868 60.9647
556 60.9554
557.133 60.9456
558.265 60.9362
559.397 60.9275
560.53 60.9196
561.662 60.9119
562.795 60.9031
563.927 60.8922
565.059 60.878
566.192 60.8602
567.324 60.8396
568.457 60.818
569.589 60.7975
570.721 60.7801
571.854 60.7656
572.986 60.7518
574.118 60.7347
575.251 60.7126
576.383 60.6905
577.516 60.6786
578.648 60.6615