0 60.2901
1.13238 60.2892
2.26477 60.2879
3.39715 60.2862
4.52953 60.2854
5.66192 60.2873
7.92668 60.2902
10.1915 60.2922
12.4562 60.2931
15.8534 60.2933
18.1181 60.293
21.5153 60.2916
26.0448 60.2233
29.442 60.1376
33.9715 60.0118
38.501 59.8293
43.0306 59.6717
47.5601 59.5814
52.0896 59.5069
57.7516 59.4251
63.4135 59.3646
69.0754 59.3955
75.8697 59.8563
81.5316 60.4044
88.3259 60.4658
95.1202 60.4183
101.915 60.321
108.709 60.3526
115.503 60.5058
123.43 60.6304
130.224 60.6844
138.151 60.9072
146.077 60.8893
154.004 60.8907
161.931 60.9505
169.858 61.0857
178.917 61.3607
186.843 61.5706
195.902 61.7308
203.829 61.8394
212.888 62.0182
221.947 62.1679
231.006 62.244
240.065 62.3748
247.992 62.4954
257.051 62.5473
266.11 62.431
275.169 62.2663
284.228 61.9947
294.42 61.7006
303.479 61.7102
312.538 61.7824
321.597 61.9507
330.656 61.9968
338.583 61.9844
347.642 61.9271
356.701 61.7776
365.76 61.6906
374.819 61.7193
382.746 61.7359
391.805 61.6417
399.731 61.4429
408.79 61.1001
416.717 60.993
424.644 61.0731
432.571 61.2637
440.497 61.3985
448.424 61.2932
455.218 61.1053
463.145 60.9883
469.939 60.9537
476.733 60.99
483.528 61.1085
490.322 61.2108
497.116 61.3002
502.778 61.3347
509.573 61.2663
515.235 61.1235
520.896 60.9421
526.558 60.8064
531.088 60.788
535.617 60.8004
540.147 60.867
544.676 60.9519
549.206 60.9573
552.603 60.9657
557.133 60.9499
560.53 60.9205
562.795 60.9038
566.192 60.8576
568.457 60.8214
570.721 60.7844
572.986 60.7466
574.118 60.7294
575.251 60.7126
576.383 60.6956
577.516 60.6786
578.648 60.6615