0 60.2901
1.13238 60.263
2.26477 60.2358
3.39715 60.2087
4.52953 60.1817
5.66192 60.1547
6.7943 60.1279
7.92668 60.1011
9.05907 60.0745
10.1915 60.0481
11.3238 60.0218
12.4562 59.9958
13.5886 59.97
14.721 59.9444
15.8534 59.9191
16.9858 59.8941
18.1181 59.8693
19.2505 59.8449
20.3829 59.8209
21.5153 59.7972
22.6477 59.7739
23.7801 59.751
24.9124 59.7286
26.0448 59.7065
27.1772 59.685
28.3096 59.6639
29.442 59.6434
30.5744 59.6234
31.7067 59.6039
32.8391 59.585
33.9715 59.5667
35.1039 59.549
36.2363 59.5319
37.3687 59.5155
38.501 59.4997
39.6334 59.4847
40.7658 59.4703
41.8982 59.4567
43.0306 59.4439
44.163 59.4318
45.2953 59.4205
46.4277 59.41
47.5601 59.4004
48.6925 59.3916
49.8249 59.3837
50.9573 59.3766
52.0896 59.3705
53.222 59.3654
54.3544 59.3612
55.4868 59.3579
56.6192 59.3557
57.7516 59.3545
58.8839 59.3543
60.0163 59.3552
61.1487 59.3571
62.2811 59.3602
63.4135 59.3643
64.5459 59.3697
65.6782 59.3761
66.8106 59.3837
67.943 59.3924
69.0754 59.4021
70.2078 59.4128
71.3402 59.4246
72.4725 59.4374
73.6049 59.451
74.7373 59.4656
75.8697 59.4811
77.0021 59.4975
78.1345 59.5147
79.2668 59.5327
80.3992 59.5514
81.5316 59.5709
82.664 59.5911
83.7964 59.612
84.9288 59.6336
86.0611 59.6557
87.1935 59.6785
88.3259 59.7019
89.4583 59.7257
90.5907 59.7501
91.7231 59.775
92.8554 59.8004
93.9878 59.8261
95.1202 59.8523
96.2526 59.8788
97.385 59.9056
98.5174 59.9328
99.6497 59.9602
100.782 59.9879
101.915 60.0158
103.047 60.044
104.179 60.0722
105.312 60.1006
106.444 60.1291
107.576 60.1577
108.709 60.1863
109.841 60.215
110.974 60.2436
112.106 60.2722
113.238 60.3008
114.371 60.3292
115.503 60.3575
116.636 60.3856
117.768 60.4136
118.9 60.4414
120.033 60.4689
121.165 60.4961
122.297 60.523
123.43 60.5496
124.562 60.5759
125.695 60.6017
126.827 60.6272
127.959 60.6522
129.092 60.6767
130.224 60.7007
131.356 60.7243
132.489 60.7474
133.621 60.7701
134.754 60.7923
135.886 60.8141
137.018 60.8355
138.151 60.8566
139.283 60.8772
140.416 60.8975
141.548 60.9174
142.68 60.937
143.813 60.9563
144.945 60.9753
146.077 60.9939
147.21 61.0123
148.342 61.0304
149.475 61.0483
150.607 61.0659
151.739 61.0833
152.872 61.1004
154.004 61.1174
155.137 61.1342
156.269 61.1508
157.401 61.1672
158.534 61.1835
159.666 61.1997
160.798 61.2157
161.931 61.2317
163.063 61.2475
164.196 61.2633
165.328 61.2789
166.46 61.2946
167.593 61.3102
168.725 61.3257
169.858 61.3413
170.99 61.3569
172.122 61.3724
173.255 61.388
174.387 61.4037
175.519 61.4194
176.652 61.4351
177.784 61.4509
178.917 61.4669
180.049 61.4829
181.181 61.4991
182.314 61.5154
183.446 61.5318
184.579 61.5484
185.711 61.5652
186.843 61.5822
187.976 61.5994
189.108 61.6168
190.24 61.6344
191.373 61.6522
192.505 61.6703
193.638 61.6887
194.77 61.7074
195.902 61.7263
197.035 61.7454
198.167 61.7647
199.299 61.7842
200.432 61.8038
201.564 61.8236
202.697 61.8435
203.829 61.8635
204.961 61.8836
206.094 61.9037
207.226 61.9239
208.359 61.9441
209.491 61.9643
210.623 61.9845
211.756 62.0047
212.888 62.0248
214.02 62.0448
215.153 62.0647
216.285 62.0845
217.418 62.1041
218.55 62.1236
219.682 62.1429
220.815 62.162
221.947 62.1809
223.08 62.1995
224.212 62.2179
225.344 62.236
226.477 62.2538
227.609 62.2713
228.741 62.2884
229.874 62.3052
231.006 62.3216
232.139 62.3375
233.271 62.3531
234.403 62.3682
235.536 62.3829
236.668 62.3971
237.801 62.4108
238.933 62.4239
240.065 62.4365
241.198 62.4486
242.33 62.4601
243.462 62.4709
244.595 62.4812
245.727 62.4908
246.86 62.4997
247.992 62.508
249.124 62.5156
250.257 62.5224
251.389 62.5285
252.522 62.5338
253.654 62.5384
254.786 62.5421
255.919 62.545
257.051 62.5471
258.183 62.5483
259.316 62.5487
260.448 62.5483
261.581 62.547
262.713 62.545
263.845 62.5422
264.978 62.5388
266.11 62.5346
267.243 62.5297
268.375 62.5241
269.507 62.518
270.64 62.5112
271.772 62.5038
272.904 62.4958
274.037 62.4874
275.169 62.4784
276.302 62.4689
277.434 62.4589
278.566 62.4485
279.699 62.4376
280.831 62.4264
281.963 62.4147
283.096 62.4028
284.228 62.3904
285.361 62.3778
286.493 62.3649
287.625 62.3517
288.758 62.3383
289.89 62.3247
291.023 62.3109
292.155 62.2969
293.287 62.2827
294.42 62.2685
295.552 62.2541
296.684 62.2397
297.817 62.2252
298.949 62.2106
300.082 62.1961
301.214 62.1816
302.346 62.1671
303.479 62.1527
304.611 62.1384
305.744 62.1242
306.876 62.1101
308.008 62.0961
309.141 62.0824
310.273 62.0688
311.405 62.0555
312.538 62.0424
313.67 62.0296
314.803 62.0171
315.935 62.0049
317.067 61.9931
318.2 61.9816
319.332 61.9705
320.465 61.9598
321.597 61.9496
322.729 61.9398
323.862 61.9304
324.994 61.9215
326.126 61.913
327.259 61.9049
328.391 61.8972
329.524 61.8898
330.656 61.8828
331.788 61.8762
332.921 61.8699
334.053 61.8639
335.186 61.8583
336.318 61.8529
337.45 61.8478
338.583 61.843
339.715 61.8384
340.847 61.8341
341.98 61.8301
343.112 61.8262
344.245 61.8225
345.377 61.8191
346.509 61.8158
347.642 61.8127
348.774 61.8097
349.907 61.8069
351.039 61.8042
352.171 61.8016
353.304 61.7992
354.436 61.7968
355.568 61.7945
356.701 61.7922
357.833 61.79
358.966 61.7878
360.098 61.7857
361.23 61.7835
362.363 61.7814
363.495 61.7792
364.627 61.7771
365.76 61.7748
366.892 61.7726
368.025 61.7702
369.157 61.7678
370.289 61.7652
371.422 61.7626
372.554 61.7598
373.687 61.7569
374.819 61.7539
375.951 61.7507
377.084 61.7473
378.216 61.7438
379.348 61.74
380.481 61.736
381.613 61.7318
382.746 61.7274
383.878 61.7227
385.01 61.7178
386.143 61.7125
387.275 61.707
388.408 61.7012
389.54 61.6952
390.672 61.6889
391.805 61.6823
392.937 61.6755
394.069 61.6685
395.202 61.6613
396.334 61.6539
397.467 61.6463
398.599 61.6385
399.731 61.6306
400.864 61.6225
401.996 61.6142
403.129 61.6058
404.261 61.5972
405.393 61.5886
406.526 61.5798
407.658 61.5709
408.79 61.562
409.923 61.553
411.055 61.5438
412.188 61.5347
413.32 61.5255
414.452 61.5162
415.585 61.5069
416.717 61.4976
417.85 61.4883
418.982 61.479
420.114 61.4697
421.247 61.4605
422.379 61.4512
423.511 61.442
424.644 61.4329
425.776 61.4238
426.909 61.4148
428.041 61.4059
429.173 61.3971
430.306 61.3884
431.438 61.3798
432.571 61.3713
433.703 61.363
434.835 61.3548
435.968 61.3467
437.1 61.3389
438.232 61.3312
439.365 61.3236
440.497 61.3163
441.63 61.3092
442.762 61.3023
443.894 61.2957
445.027 61.2892
446.159 61.2831
447.291 61.2771
448.424 61.2715
449.556 61.2661
450.689 61.261
451.821 61.2562
452.953 61.2517
454.086 61.2474
455.218 61.2434
456.351 61.2397
457.483 61.2362
458.615 61.2329
459.748 61.2299
460.88 61.227
462.012 61.2244
463.145 61.2219
464.277 61.2196
465.41 61.2175
466.542 61.2156
467.674 61.2138
468.807 61.2122
469.939 61.2107
471.072 61.2093
472.204 61.2081
473.336 61.2069
474.469 61.2058
475.601 61.2049
476.733 61.204
477.866 61.2031
478.998 61.2024
480.131 61.2016
481.263 61.2009
482.395 61.2003
483.528 61.1996
484.66 61.199
485.793 61.1984
486.925 61.1977
488.057 61.1971
489.19 61.1964
490.322 61.1957
491.454 61.1949
492.587 61.1941
493.719 61.1932
494.852 61.1922
495.984 61.1911
497.116 61.19
498.249 61.1887
499.381 61.1874
500.514 61.1859
501.646 61.1842
502.778 61.1824
503.911 61.1805
505.043 61.1784
506.175 61.1762
507.308 61.1737
508.44 61.1711
509.573 61.1682
510.705 61.1652
511.837 61.1619
512.97 61.1584
514.102 61.1547
515.235 61.1507
516.367 61.1465
517.499 61.142
518.632 61.1373
519.764 61.1323
520.896 61.1271
522.029 61.1217
523.161 61.1161
524.294 61.1102
525.426 61.1042
526.558 61.0979
527.691 61.0915
528.823 61.0848
529.955 61.0779
531.088 61.0709
532.22 61.0636
533.353 61.0562
534.485 61.0486
535.617 61.0409
536.75 61.0329
537.882 61.0248
539.015 61.0166
540.147 61.0081
541.279 60.9996
542.412 60.9909
543.544 60.982
544.676 60.973
545.809 60.9639
546.941 60.9547
548.074 60.9453
549.206 60.9358
550.338 60.9262
551.471 60.9165
552.603 60.9066
553.736 60.8967
554.868 60.8867
556 60.8766
557.133 60.8664
558.265 60.8561
559.397 60.8457
560.53 60.8353
561.662 60.8248
562.795 60.8142
563.927 60.8035
565.059 60.7928
566.192 60.7821
567.324 60.7713
568.457 60.7604
569.589 60.7495
570.721 60.7386
571.854 60.7277
572.986 60.7167
574.118 60.7057
575.251 60.6947
576.383 60.6836
577.516 60.6726
578.648 60.6615