0 68.3907
225.667 26314.2
451.335 46118.7
677.002 60518.6
902.67 70419.9
1128.34 76611
1354 79775.9
1579.67 80505.1
1805.34 79306.3
2031.01 76613.6
2256.67 72795.9
2482.34 68164.9
2708.01 62981.7
2933.68 57463.2
3159.34 51787.5
3385.01 46099.2
3610.68 40513.8
3836.35 35121.5
4062.01 29991.3
4287.68 25173.4
4513.35 20702.8
4739.02 16601.4
4964.68 12880
5190.35 9540.92
5416.02 6578.84
5641.69 3982.88
5867.35 1737.6
6093.02 -175.805
6318.69 -1778.63
6544.36 -3093.81
6770.02 -4145.26
6995.69 -4957.32
7221.36 -5554.28
7447.03 -5959.99
7672.69 -6197.55
7898.36 -6289.09
8124.03 -6255.58
8349.7 -6116.66
8575.36 -5890.61
8801.03 -5594.23
9026.7 -5242.87
9252.37 -4850.41
9478.03 -4429.24
9703.7 -3990.39
9929.37 -3543.49
10155 -3096.9
10380.7 -2657.73
10606.4 -2231.99
10832 -1824.59
11057.7 -1439.47
11283.4 -1079.69
11509 -747.484
11734.7 -444.383
11960.4 -171.257
12186 71.5804
12411.7 284.313
12637.4 467.542
12863 622.226
13088.7 749.617
13314.4 851.205
13540 928.665
13765.7 983.808
13991.4 1018.54
14217.1 1034.83
14442.7 1034.66
14668.4 1020.01
14894.1 992.816
15119.7 954.979
15345.4 908.309
15571.1 854.533
15796.7 795.274
16022.4 732.044
16248.1 666.24
16473.7 599.131
16699.4 531.865
16925.1 465.462
17150.7 400.818
17376.4 338.705
17602.1 279.779
17827.7 224.578
18053.4 173.533
18279.1 126.974
18504.7 85.1336
18730.4 48.1559
18956.1 16.1047
19181.7 -11.0298
19407.4 -33.3231
19633.1 -50.9084
19858.7 -63.9697
20084.4 -72.7337
20310.1 -77.4632
20535.7 -78.4498
20761.4 -76.0081
20987.1 -70.4689
21212.7 -62.1738
21438.4 -51.4702
21664.1 -38.706
21889.7 -24.2256
22115.4 -8.36572
22341.1 8.54776
22566.7 26.2031
22792.4 44.305
23018.1 62.5771
23243.7 80.7633
23469.4 98.6296
23695.1 115.965
23920.8 132.581
24146.4 148.314
24372.1 163.023
24597.8 176.594
24823.4 188.931
25049.1 199.964
25274.8 209.644
25500.4 217.942
25726.1 224.849
25951.8 230.372
26177.4 234.538
26403.1 237.385
26628.8 238.969
26854.4 239.354
27080.1 238.616
27305.8 236.841
27531.4 234.121
27757.1 230.554
27982.8 226.241
28208.4 221.288
28434.1 215.801
28659.8 209.886
28885.4 203.65
29111.1 197.195
29336.8 190.621
29562.4 184.025
29788.1 177.498
30013.8 171.124
30239.4 164.983
30465.1 159.148
30690.8 153.683
30916.4 148.646
31142.1 144.086
31367.8 140.046
31593.4 136.559
31819.1 133.651
32044.8 131.34
32270.4 129.637
32496.1 128.544
32721.8 128.058
32947.5 128.167
33173.1 128.854
33398.8 130.096
33624.5 131.864
33850.1 134.125
34075.8 136.842
34301.5 139.972
34527.1 143.47
34752.8 147.289
34978.5 151.379
35204.1 155.688
35429.8 160.165
35655.5 164.756
35881.1 169.408
36106.8 174.07
36332.5 178.69
36558.1 183.217
36783.8 187.605
37009.5 191.807
37235.1 195.78
37460.8 199.485
37686.5 202.883
37912.1 205.941
38137.8 208.629
38363.5 210.922
38589.1 212.795
38814.8 214.232
39040.5 215.218
39266.1 215.741
39491.8 215.797
39717.5 215.382
39943.1 214.497
40168.8 213.149
40394.5 211.345
40620.1 209.098
40845.8 206.422
41071.5 203.338
41297.1 199.865
41522.8 196.027
41748.5 191.85
41974.1 187.363
42199.8 182.594
42425.5 177.576
42651.2 172.339
42876.8 166.918
43102.5 161.345
43328.2 155.656
43553.8 149.883
43779.5 144.062
44005.2 138.224
44230.8 132.402
44456.5 126.629
44682.2 120.934
44907.8 115.346
45133.5 109.893
45359.2 104.6
45584.8 99.4905
45810.5 94.5867
46036.2 89.9079
46261.8 85.4715
46487.5 81.2923
46713.2 77.3831
46938.8 73.7541
47164.5 70.4132
47390.2 67.3659
47615.8 64.6155
47841.5 62.1627
48067.2 60.0063
48292.8 58.1428
48518.5 56.5665
48744.2 55.27
48969.8 54.244
49195.5 53.4773
49421.2 52.9574
49646.8 52.6703
49872.5 52.6007
50098.2 52.7323
50323.8 53.0478
50549.5 53.5293
50775.2 54.1582
51000.8 54.9155
51226.5 55.7819
51452.2 56.7384
51677.9 57.7656
51903.5 58.8446
52129.2 59.9571
52354.9 61.0851
52580.5 62.2112
52806.2 63.3192
53031.9 64.3936
53257.5 65.4199
53483.2 66.3848
53708.9 67.2763
53934.5 68.0836
54160.2 68.7974
54385.9 69.4095
54611.5 69.9133
54837.2 70.3038
55062.9 70.5771
55288.5 70.731
55514.2 70.7645
55739.9 70.6782
55965.5 70.4739
56191.2 70.1547
56416.9 69.7249
56642.5 69.1899
56868.2 68.5561
57093.9 67.831
57319.5 67.0228
57545.2 66.1405
57770.9 65.1937
57996.5 64.1924
58222.2 63.1472
58447.9 62.0687
58673.5 60.9679
58899.2 59.8555
59124.9 58.7424
59350.5 57.6391
59576.2 56.5557
59801.9 55.5019
60027.5 54.4869
60253.2 53.5191
60478.9 52.6062
60704.5 51.7551
60930.2 50.9716
61155.9 50.2608
61381.6 49.6264
61607.2 49.0714
61832.9 48.5974
62058.6 48.2049
62284.2 47.8933
62509.9 47.6609
62735.6 47.5046
62961.2 47.4204
63186.9 47.4033
63412.6 47.4471
63638.2 47.5446
63863.9 47.6878
64089.6 47.8679
64315.2 48.0753
64540.9 48.2998
64766.6 48.5306
64992.2 48.7565
65217.9 48.9662
65443.6 49.148
65669.2 49.2902
65894.9 49.3812
66120.6 49.4096
66346.2 49.3646
66571.9 49.2355
66797.6 49.0124
67023.2 48.6862
67248.9 48.2486
67474.6 47.6922
67700.2 47.0109
67925.9 46.1996
68151.6 45.2545
68377.2 44.1732
68602.9 42.9549
68828.6 41.6
69054.2 40.1106
69279.9 38.4904
69505.6 36.7445
69731.2 34.8799
69956.9 32.9047
70182.6 30.829
70408.3 28.6642
70633.9 26.423
70859.6 24.1196
71085.3 21.7695
71310.9 19.3892
71536.6 16.9963
71762.3 14.6091
71987.9 12.2469
72213.6 9.92942
72439.3 7.67671
72664.9 5.50908
72890.6 3.44681
73116.3 1.50998
73341.9 -0.281739
73567.6 -1.90932
73793.3 -3.35456
74018.9 -4.60034
74244.6 -5.63077
74470.3 -6.43146
74695.9 -6.98972
74921.6 -7.29469
75147.3 -7.33762
75372.9 -7.11195
75598.6 -6.61352
75824.3 -5.84072
76049.9 -4.79457
76275.6 -3.47885
76501.3 -1.90017
76726.9 -0.0680427
76952.6 2.00513
77178.3 4.30399
77403.9 6.81033
77629.6 9.50308
77855.3 12.3584
78080.9 15.3499
78306.6 18.4486
78532.3 21.6232
78757.9 24.8405
78983.6 28.0653
79209.3 31.2608
79434.9 34.389
79660.6 37.411
79886.3 40.2872
80112 42.9778
80337.6 45.4433
80563.3 47.6449
80789 49.5445
81014.6 51.1059
81240.3 52.2947
81466 53.0788
81691.6 53.4293
81917.3 53.3203
82143 52.73
82368.6 51.6408
82594.3 50.0395
82820 47.9184
83045.6 45.2748
83271.3 42.1122
83497 38.4397
83722.6 34.273
83948.3 29.6342
84174 24.5522
84399.6 19.0623
84625.3 13.2068
84851 7.03453
85076.6 0.600934
85302.3 -6.03229
85528 -12.7974
85753.6 -19.6211
85979.3 -26.4247
86205 -33.1251
86430.6 -39.6352
86656.3 -45.8647
86882 -51.7207
87107.6 -57.1092
87333.3 -61.9352
87559 -66.1047
87784.6 -69.5253
88010.3 -72.1073
88236 -73.7656
88461.6 -74.4204
88687.3 -73.9987
88913 -72.4362
89138.6 -69.6779
89364.3 -65.68
89590 -60.4115
89815.7 -53.8551
90041.3 -46.0086
90267 -36.8866
90492.7 -26.5211
90718.3 -14.9631
90944 -2.28296
91169.7 11.4282
91395.3 26.0582
91621 41.4734
91846.7 57.5185
92072.3 74.0163
92298 90.7684
92523.7 107.555
92749.3 124.138
92975 140.259
93200.7 155.643
93426.3 170
93652 183.027
93877.7 194.412
94103.3 203.835
94329 210.972
94554.7 215.502
94780.3 217.108
95006 215.482
95231.7 210.332
95457.3 201.387
95683 188.4
95908.7 171.161
96134.3 149.497
96360 123.281
96585.7 92.4393
96811.3 56.959
97037 16.8941
97262.7 -27.627
97488.3 -76.3948
97714 -129.112
97939.7 -185.386
98165.3 -244.725
98391 -306.533
98616.7 -370.103
98842.4 -434.614
99068 -499.132
99293.7 -562.604
99519.4 -623.864
99745 -681.629
99970.7 -734.507
100196 -781.005
100422 -819.53
100648 -848.41
100873 -865.9
101099 -870.203
101325 -859.488
101550 -831.916
101776 -785.666
102002 -718.965
102227 -630.125
102453 -517.584
102679 -379.944
102904 -216.026
103130 -24.917
103356 193.971
103581 440.841
103807 715.443
104033 1017.01
104258 1344.19
104484 1694.94
104710 2066.51
104935 2455.31
105161 2856.83
105387 3265.62
105612 3675.13
105838 4077.71
106064 4464.5
106289 4825.38
106515 5148.94
106741 5422.38
106966 5631.57
107192 5761
107418 5793.8
107643 5711.81
107869 5495.64
108095 5124.82
108320 4577.94
108546 3832.89
108772 2867.15
108997 1658.1
109223 183.503
109449 -1578
109674 -3646.27
109900 -6038.91
110126 -8770.4
110351 -11851.1
110577 -15286
110803 -19073.6
111028 -23203.9
111254 -27657
111480 -32400.9
111705 -37389.2
111931 -42558.7
112157 -47825.7
112382 -53083.8
112608 -58199.2
112834 -63006.8
113059 -67305.8
113285 -70854.1
113511 -73362.7
113736 -74489
113962 -73830.1
114188 -70914.3
114413 -65192.7
114639 -56029.5
114865 -42691.2
115090 -24334.8
115316 4.81082