0 60.2901
1.13238 60.2892
3.39715 60.2862
6.7943 60.2889
11.3238 60.2928
16.9858 60.2932
23.7801 60.2823
31.7067 60.0823
40.7658 59.7463
49.8249 59.5421
61.1487 59.3763
72.4725 59.4973
84.9288 60.4362
98.5174 60.3571
112.106 60.4173
126.827 60.6551
141.548 60.9282
158.534 60.8938
174.387 61.2297
191.373 61.6574
208.359 61.9115
226.477 62.2087
244.595 62.451
261.581 62.496
279.699 62.1278
298.949 61.707
317.067 61.865
334.053 61.9974
352.171 61.8764
370.289 61.6961
387.275 61.7069
404.261 61.2757
420.114 60.9905
437.1 61.3984
451.821 61.2027
466.542 60.9482
480.131 61.0516
493.719 61.2602
506.175 61.3414
517.499 61.0504
528.823 60.7944
537.882 60.8301
546.941 60.9538
554.868 60.9647
561.662 60.9119
567.324 60.8396
571.854 60.7656
575.251 60.7126
577.516 60.6786
578.648 60.6615