0 692.624
6.66145 692.158
13.3229 691.781
19.9843 691.584
26.6458 691.657
33.3072 692.09
39.9687 692.953
46.6301 694.191
53.2916 695.696
59.953 697.364
66.6145 699.087
73.2759 700.765
79.9374 702.388
86.5988 703.998
93.2603 705.637
99.9217 707.35
106.583 709.176
113.245 711.109
119.906 713.095
126.568 715.079
133.229 717.004
139.89 718.817
146.552 720.539
153.213 722.302
159.875 724.25
166.536 726.522
173.198 729.261
179.859 732.509
186.521 736.089
193.182 739.792
199.843 743.408
206.505 746.728
213.166 749.605
219.828 752.125
226.489 754.424
233.151 756.64
239.812 758.909
246.474 761.335
253.135 763.827
259.796 766.22
266.458 768.35
273.119 770.052
279.781 771.19
286.442 771.906
293.104 772.506
299.765 773.297
306.427 774.584
313.088 776.661
319.75 779.57
326.411 783.127
333.072 787.142
339.734 791.425
346.395 795.785
353.057 800.069
359.718 804.17
366.38 807.985
373.041 811.411
379.703 814.345
386.364 816.757
393.025 818.765
399.687 820.507
406.348 822.121
413.01 823.743
419.671 825.483
426.333 827.346
432.994 829.318
439.656 831.384
446.317 833.531
452.978 835.753
459.64 838.086
466.301 840.583
472.963 843.298
479.624 846.282
486.286 849.584
492.947 853.206
499.609 857.128
506.27 861.332
512.932 865.795
519.593 870.497
526.254 875.384
532.916 880.378
539.577 885.399
546.239 890.369
552.9 895.208
559.562 899.844
566.223 904.209
572.885 908.239
579.546 911.868
586.207 915.031
592.869 917.74
599.53 920.156
606.192 922.458
612.853 924.823
619.515 927.43
626.176 930.382
632.838 933.557
639.499 936.79
646.16 939.917
652.822 942.771
659.483 945.225
666.145 947.328
672.806 949.188
679.468 950.912
686.129 952.604
692.791 954.376
699.452 956.362
706.114 958.708
712.775 961.562
719.436 965.071
726.098 969.36
732.759 974.242
739.421 979.291
746.082 984.078
752.744 988.172
759.405 991.155
766.067 993.02
772.728 994.233
779.389 995.288
786.051 996.677
792.712 998.889
799.374 1002.13
806.035 1006.09
812.697 1010.43
819.358 1014.78
826.02 1018.8
832.681 1022.27
839.342 1025.43
846.004 1028.58
852.665 1032.01
859.327 1036.03
865.988 1040.85
872.65 1046.32
879.311 1052.17
885.973 1058.15
892.634 1064
899.295 1069.49
905.957 1074.77
912.618 1080.09
919.28 1085.75
925.941 1092.01
932.603 1099.12
939.264 1106.87
945.926 1114.7
952.587 1122.08
959.249 1128.47
965.91 1133.32
972.571 1136.64
979.233 1138.99
985.894 1140.93
992.556 1143.05
999.217 1145.92
1005.88 1149.78
1012.54 1154.28
1019.2 1159.06
1025.86 1163.72
1032.52 1167.88
1039.19 1171.32
1045.85 1174.27
1052.51 1176.98
1059.17 1179.76
1065.83 1182.86
1072.49 1186.52
1079.15 1190.67
1085.82 1195.21
1092.48 1200.03
1099.14 1205.01
1105.8 1210.05
1112.46 1215.09
1119.12 1220.11
1125.78 1225.08
1132.45 1229.96
1139.11 1234.73
1145.77 1239.4
1152.43 1244.01
1159.09 1248.57
1165.75 1253.12
1172.41 1257.69
1179.08 1262.3
1185.74 1266.94
1192.4 1271.63
1199.06 1276.37
1205.72 1281.15
1212.38 1285.95
1219.05 1290.7
1225.71 1295.31
1232.37 1299.72
1239.03 1303.84
1245.69 1307.65
1252.35 1311.22
1259.01 1314.65
1265.68 1318.03
1272.34 1321.46
1279 1325.04
1285.66 1328.84
1292.32 1332.96
1298.98 1337.49
1305.64 1342.51
1312.31 1348.08
1318.97 1353.94
1325.63 1359.76
1332.29 1365.2
1338.95 1369.89
1345.61 1373.55
1352.27 1376.3
1358.94 1378.53
1365.6 1380.63
1372.26 1382.99
1378.92 1385.99
1385.58 1389.69
1392.24 1393.92
1398.9 1398.46
1405.57 1403.11
1412.23 1407.67
1418.89 1412.04
1425.55 1416.25
1432.21 1420.34
1438.87 1424.36
1445.53 1428.36
1452.2 1432.36
1458.86 1436.33
1465.52 1440.24
1472.18 1444.07
1478.84 1447.79
1485.5 1451.39
1492.16 1454.92
1498.83 1458.46
1505.49 1462.08
1512.15 1465.86
1518.81 1469.85
1525.47 1474
1532.13 1478.23
1538.79 1482.46
1545.46 1486.6
1552.12 1490.59
1558.78 1494.49
1565.44 1498.43
1572.1 1502.53
1578.76 1506.94
1585.42 1511.77
1592.09 1517
1598.75 1522.44
1605.41 1527.94
1612.07 1533.31
1618.73 1538.4
1625.39 1543.12
1632.05 1547.52
1638.72 1551.64
1645.38 1555.54
1652.04 1559.25
1658.7 1562.86
1665.36 1566.44
1672.02 1570.09
1678.68 1573.9
1685.35 1577.97
1692.01 1582.35
1698.67 1586.97
1705.33 1591.74
1711.99 1596.57
1718.65 1601.36
1725.32 1606.05
1731.98 1610.71
1738.64 1615.45
1745.3 1620.4
1751.96 1625.67
1758.62 1631.34
1765.28 1637.3
1771.95 1643.32
1778.61 1649.16
1785.27 1654.59
1791.93 1659.4
1798.59 1663.54
1805.25 1667.1
1811.91 1670.17
1818.58 1672.87
1825.24 1675.27
1831.9 1677.46
1838.56 1679.49
1845.22 1681.4
1851.88 1683.24
1858.54 1685.05
1865.21 1686.89
1871.87 1688.75
1878.53 1690.65
1885.19 1692.6
1891.85 1694.63
1898.51 1696.72
1905.17 1698.85
1911.84 1701
1918.5 1703.13
1925.16 1705.21
1931.82 1707.23
1938.48 1709.23
1945.14 1711.29
1951.8 1713.46
1958.47 1715.84
1965.13 1718.45
1971.79 1721.24
1978.45 1724.07
1985.11 1726.81
1991.77 1729.33
1998.43 1731.5
2005.1 1733.37
2011.76 1735.09
2018.42 1736.82
2025.08 1738.71
2031.74 1740.91
2038.4 1743.43
2045.06 1746.14
2051.73 1748.91
2058.39 1751.59
2065.05 1754.03
2071.71 1756.19
2078.37 1758.15
2085.03 1760.01
2091.69 1761.87
2098.36 1763.82
2105.02 1765.95
2111.68 1768.26
2118.34 1770.78
2125 1773.5
2131.66 1776.43
2138.32 1779.57
2144.99 1782.85
2151.65 1786.19
2158.31 1789.52
2164.97 1792.76
2171.63 1795.85
2178.29 1798.86
2184.95 1801.94
2191.62 1805.23
2198.28 1808.87
2204.94 1812.98
2211.6 1817.5
2218.26 1822.26
2224.92 1827.06
2231.59 1831.74
2238.25 1836.11
2244.91 1840.12
2251.57 1843.86
2258.23 1847.43
2264.89 1850.91
2271.55 1854.41
2278.22 1857.95
2284.88 1861.52
2291.54 1865.1
2298.2 1868.65
2304.86 1872.14
2311.52 1875.54
2318.18 1878.84
2324.85 1881.99
2331.51 1884.97
2338.17 1887.76
2344.83 1890.35
2351.49 1892.93
2358.15 1895.68
2364.81 1898.8
2371.48 1902.49
2378.14 1906.9
2384.8 1911.91
2391.46 1917.26
2398.12 1922.73
2404.78 1928.06
2411.44 1933.04
2418.11 1937.71
2424.77 1942.29
2431.43 1946.99
2438.09 1952.01
2444.75 1957.55
2451.41 1963.62
2458.07 1970.01
2464.74 1976.51
2471.4 1982.94
2478.06 1989.07
2484.72 1994.85
2491.38 2000.41
2498.04 2005.87
2504.7 2011.39
2511.37 2017.1
2518.03 2023.04
2524.69 2029
2531.35 2034.77
2538.01 2040.09
2544.67 2044.76
2551.33 2048.59
2558 2051.62
2564.66 2053.93
2571.32 2055.6
2577.98 2056.72
2584.64 2057.37
2591.3 2057.77
2597.96 2058.15
2604.63 2058.73
2611.29 2059.76
2617.95 2061.44
2624.61 2063.78
2631.27 2066.63
2637.93 2069.86
2644.59 2073.35
2651.26 2076.96
2657.92 2080.6
2664.58 2084.23
2671.24 2087.81
2677.9 2091.28
2684.56 2094.61
2691.23 2097.83
2697.89 2101.08
2704.55 2104.51
2711.21 2108.27
2717.87 2112.51
2724.53 2117.27
2731.19 2122.42
2737.86 2127.76
2744.52 2133.14
2751.18 2138.37
2757.84 2143.32
2764.5 2148.02
2771.16 2152.5
2777.82 2156.81
2784.49 2161
2791.15 2165.12
2797.81 2169.19
2804.47 2173.28
2811.13 2177.43
2817.79 2181.67
2824.45 2186.06
2831.12 2190.65
2837.78 2195.47
2844.44 2200.58
2851.1 2206.02
2857.76 2211.84
2864.42 2217.96
2871.08 2224.21
2877.75 2230.4
2884.41 2236.38
2891.07 2241.97
2897.73 2247.11
2904.39 2251.91
2911.05 2256.47
2917.71 2260.91
2924.38 2265.34
2931.04 2269.81
2937.7 2274.32
2944.36 2278.83
2951.02 2283.32
2957.68 2287.76
2964.34 2292.15
2971.01 2296.53
2977.67 2300.95
2984.33 2305.46
2990.99 2310.12
2997.65 2314.93
3004.31 2319.7
3010.97 2324.19
3017.64 2328.13
3024.3 2331.29
3030.96 2333.44
3037.62 2334.72
3044.28 2335.4
3050.94 2335.78
3057.6 2336.14
3064.27 2336.75
3070.93 2337.64
3077.59 2338.66
3084.25 2339.68
3090.91 2340.53
3097.57 2341.08
3104.23 2341.29
3110.9 2341.25
3117.56 2341.05
3124.22 2340.78
3130.88 2340.53
3137.54 2340.34
3144.2 2340.14
3150.86 2339.85
3157.53 2339.39
3164.19 2338.68
3170.85 2337.71
3177.51 2336.67
3184.17 2335.77
3190.83 2335.21
3197.5 2335.22
3204.16 2335.93
3210.82 2337.17
3217.48 2338.7
3224.14 2340.25
3230.8 2341.57
3237.46 2342.46
3244.13 2342.97
3250.79 2343.28
3257.45 2343.59
3264.11 2344.07
3270.77 2344.9
3277.43 2346.06
3284.09 2347.42
3290.76 2348.84
3297.42 2350.16
3304.08 2351.26
3310.74 2352.13
3317.4 2352.87
3324.06 2353.61
3330.72 2354.48
3337.39 2355.59
3344.05 2356.9
3350.71 2358.12
3357.37 2358.94
3364.03 2359.04
3370.69 2358.1
3377.35 2355.95
3384.02 2352.8
3390.68 2348.89
3397.34 2344.48
3404 2344.48