0 692.624
6.66145 707.874
13.3229 721.918
19.9843 734.82
26.6458 746.642
33.3072 757.446
39.9687 767.288
46.6301 776.224
53.2916 784.307
59.953 791.589
66.6145 798.119
73.2759 803.945
79.9374 809.111
86.5988 813.662
93.2603 817.638
99.9217 821.081
106.583 824.028
113.245 826.516
119.906 828.58
126.568 830.254
133.229 831.569
139.89 832.556
146.552 833.245
153.213 833.662
159.875 833.835
166.536 833.789
173.198 833.547
179.859 833.132
186.521 832.567
193.182 831.87
199.843 831.062
206.505 830.161
213.166 829.184
219.828 828.148
226.489 827.067
233.151 825.957
239.812 824.831
246.474 823.701
253.135 822.581
259.796 821.48
266.458 820.409
273.119 819.379
279.781 818.397
286.442 817.473
293.104 816.614
299.765 815.827
306.427 815.118
313.088 814.494
319.75 813.96
326.411 813.52
333.072 813.18
339.734 812.943
346.395 812.812
353.057 812.791
359.718 812.882
366.38 813.087
373.041 813.409
379.703 813.848
386.364 814.407
393.025 815.085
399.687 815.883
406.348 816.802
413.01 817.841
419.671 819.001
426.333 820.281
432.994 821.68
439.656 823.197
446.317 824.831
452.978 826.581
459.64 828.446
466.301 830.423
472.963 832.511
479.624 834.709
486.286 837.013
492.947 839.423
499.609 841.935
506.27 844.547
512.932 847.258
519.593 850.064
526.254 852.962
532.916 855.952
539.577 859.028
546.239 862.19
552.9 865.434
559.562 868.757
566.223 872.157
572.885 875.631
579.546 879.176
586.207 882.789
592.869 886.467
599.53 890.208
606.192 894.009
612.853 897.866
619.515 901.778
626.176 905.742
632.838 909.754
639.499 913.812
646.16 917.914
652.822 922.057
659.483 926.238
666.145 930.455
672.806 934.706
679.468 938.987
686.129 943.297
692.791 947.633
699.452 951.994
706.114 956.376
712.775 960.778
719.436 965.198
726.098 969.634
732.759 974.083
739.421 978.545
746.082 983.016
752.744 987.496
759.405 991.983
766.067 996.474
772.728 1000.97
779.389 1005.47
786.051 1009.97
792.712 1014.46
799.374 1018.96
806.035 1023.45
812.697 1027.94
819.358 1032.42
826.02 1036.9
832.681 1041.37
839.342 1045.83
846.004 1050.28
852.665 1054.73
859.327 1059.16
865.988 1063.58
872.65 1067.99
879.311 1072.39
885.973 1076.77
892.634 1081.15
899.295 1085.51
905.957 1089.85
912.618 1094.18
919.28 1098.5
925.941 1102.81
932.603 1107.1
939.264 1111.37
945.926 1115.63
952.587 1119.88
959.249 1124.11
965.91 1128.33
972.571 1132.54
979.233 1136.73
985.894 1140.91
992.556 1145.07
999.217 1149.22
1005.88 1153.36
1012.54 1157.49
1019.2 1161.61
1025.86 1165.71
1032.52 1169.81
1039.19 1173.89
1045.85 1177.96
1052.51 1182.02
1059.17 1186.08
1065.83 1190.12
1072.49 1194.16
1079.15 1198.19
1085.82 1202.22
1092.48 1206.23
1099.14 1210.24
1105.8 1214.25
1112.46 1218.25
1119.12 1222.25
1125.78 1226.24
1132.45 1230.23
1139.11 1234.22
1145.77 1238.21
1152.43 1242.2
1159.09 1246.18
1165.75 1250.17
1172.41 1254.15
1179.08 1258.14
1185.74 1262.13
1192.4 1266.12
1199.06 1270.11
1205.72 1274.11
1212.38 1278.11
1219.05 1282.12
1225.71 1286.13
1232.37 1290.14
1239.03 1294.16
1245.69 1298.19
1252.35 1302.22
1259.01 1306.26
1265.68 1310.3
1272.34 1314.35
1279 1318.41
1285.66 1322.48
1292.32 1326.56
1298.98 1330.64
1305.64 1334.74
1312.31 1338.84
1318.97 1342.95
1325.63 1347.07
1332.29 1351.2
1338.95 1355.34
1345.61 1359.48
1352.27 1363.64
1358.94 1367.81
1365.6 1371.98
1372.26 1376.17
1378.92 1380.36
1385.58 1384.56
1392.24 1388.77
1398.9 1393
1405.57 1397.22
1412.23 1401.46
1418.89 1405.71
1425.55 1409.96
1432.21 1414.22
1438.87 1418.49
1445.53 1422.76
1452.2 1427.05
1458.86 1431.33
1465.52 1435.63
1472.18 1439.93
1478.84 1444.23
1485.5 1448.54
1492.16 1452.85
1498.83 1457.17
1505.49 1461.49
1512.15 1465.81
1518.81 1470.14
1525.47 1474.46
1532.13 1478.79
1538.79 1483.11
1545.46 1487.44
1552.12 1491.76
1558.78 1496.09
1565.44 1500.41
1572.1 1504.72
1578.76 1509.04
1585.42 1513.35
1592.09 1517.65
1598.75 1521.95
1605.41 1526.24
1612.07 1530.52
1618.73 1534.8
1625.39 1539.07
1632.05 1543.32
1638.72 1547.57
1645.38 1551.81
1652.04 1556.03
1658.7 1560.25
1665.36 1564.44
1672.02 1568.63
1678.68 1572.8
1685.35 1576.95
1692.01 1581.09
1698.67 1585.22
1705.33 1589.32
1711.99 1593.41
1718.65 1597.47
1725.32 1601.52
1731.98 1605.55
1738.64 1609.56
1745.3 1613.54
1751.96 1617.5
1758.62 1621.45
1765.28 1625.36
1771.95 1629.26
1778.61 1633.13
1785.27 1636.97
1791.93 1640.79
1798.59 1644.58
1805.25 1648.35
1811.91 1652.09
1818.58 1655.8
1825.24 1659.49
1831.9 1663.15
1838.56 1666.78
1845.22 1670.38
1851.88 1673.95
1858.54 1677.5
1865.21 1681.01
1871.87 1684.5
1878.53 1687.95
1885.19 1691.38
1891.85 1694.77
1898.51 1698.14
1905.17 1701.48
1911.84 1704.79
1918.5 1708.06
1925.16 1711.31
1931.82 1714.53
1938.48 1717.72
1945.14 1720.88
1951.8 1724.02
1958.47 1727.12
1965.13 1730.2
1971.79 1733.24
1978.45 1736.26
1985.11 1739.26
1991.77 1742.22
1998.43 1745.16
2005.1 1748.08
2011.76 1750.97
2018.42 1753.84
2025.08 1756.68
2031.74 1759.5
2038.4 1762.3
2045.06 1765.07
2051.73 1767.83
2058.39 1770.56
2065.05 1773.28
2071.71 1775.98
2078.37 1778.66
2085.03 1781.32
2091.69 1783.97
2098.36 1786.61
2105.02 1789.23
2111.68 1791.84
2118.34 1794.44
2125 1797.03
2131.66 1799.61
2138.32 1802.18
2144.99 1804.75
2151.65 1807.31
2158.31 1809.87
2164.97 1812.42
2171.63 1814.98
2178.29 1817.53
2184.95 1820.09
2191.62 1822.65
2198.28 1825.22
2204.94 1827.79
2211.6 1830.37
2218.26 1832.95
2224.92 1835.55
2231.59 1838.16
2238.25 1840.78
2244.91 1843.42
2251.57 1846.07
2258.23 1848.74
2264.89 1851.43
2271.55 1854.14
2278.22 1856.87
2284.88 1859.63
2291.54 1862.41
2298.2 1865.22
2304.86 1868.05
2311.52 1870.91
2318.18 1873.81
2324.85 1876.74
2331.51 1879.7
2338.17 1882.69
2344.83 1885.72
2351.49 1888.79
2358.15 1891.9
2364.81 1895.04
2371.48 1898.23
2378.14 1901.46
2384.8 1904.74
2391.46 1908.06
2398.12 1911.42
2404.78 1914.83
2411.44 1918.29
2418.11 1921.8
2424.77 1925.36
2431.43 1928.97
2438.09 1932.63
2444.75 1936.34
2451.41 1940.1
2458.07 1943.92
2464.74 1947.79
2471.4 1951.72
2478.06 1955.7
2484.72 1959.73
2491.38 1963.82
2498.04 1967.97
2504.7 1972.17
2511.37 1976.43
2518.03 1980.74
2524.69 1985.11
2531.35 1989.53
2538.01 1994.01
2544.67 1998.55
2551.33 2003.13
2558 2007.78
2564.66 2012.47
2571.32 2017.22
2577.98 2022.02
2584.64 2026.87
2591.3 2031.77
2597.96 2036.72
2604.63 2041.71
2611.29 2046.75
2617.95 2051.84
2624.61 2056.97
2631.27 2062.14
2637.93 2067.35
2644.59 2072.6
2651.26 2077.88
2657.92 2083.2
2664.58 2088.55
2671.24 2093.94
2677.9 2099.34
2684.56 2104.78
2691.23 2110.23
2697.89 2115.71
2704.55 2121.2
2711.21 2126.7
2717.87 2132.22
2724.53 2137.75
2731.19 2143.28
2737.86 2148.81
2744.52 2154.34
2751.18 2159.86
2757.84 2165.38
2764.5 2170.88
2771.16 2176.37
2777.82 2181.84
2784.49 2187.28
2791.15 2192.7
2797.81 2198.08
2804.47 2203.43
2811.13 2208.74
2817.79 2214
2824.45 2219.22
2831.12 2224.38
2837.78 2229.49
2844.44 2234.54
2851.1 2239.51
2857.76 2244.42
2864.42 2249.26
2871.08 2254.01
2877.75 2258.68
2884.41 2263.26
2891.07 2267.75
2897.73 2272.14
2904.39 2276.43
2911.05 2280.62
2917.71 2284.69
2924.38 2288.65
2931.04 2292.48
2937.7 2296.2
2944.36 2299.78
2951.02 2303.24
2957.68 2306.56
2964.34 2309.73
2971.01 2312.77
2977.67 2315.66
2984.33 2318.39
2990.99 2320.98
2997.65 2323.4
3004.31 2325.67
3010.97 2327.77
3017.64 2329.71
3024.3 2331.48
3030.96 2333.09
3037.62 2334.52
3044.28 2335.78
3050.94 2336.87
3057.6 2337.78
3064.27 2338.52
3070.93 2339.09
3077.59 2339.48
3084.25 2339.7
3090.91 2339.74
3097.57 2339.62
3104.23 2339.33
3110.9 2338.88
3117.56 2338.26
3124.22 2337.48
3130.88 2336.56
3137.54 2335.48
3144.2 2334.26
3150.86 2332.9
3157.53 2331.42
3164.19 2329.81
3170.85 2328.09
3177.51 2326.27
3184.17 2324.35
3190.83 2322.35
3197.5 2320.28
3204.16 2318.15
3210.82 2315.98
3217.48 2313.77
3224.14 2311.56
3230.8 2309.34
3237.46 2307.15
3244.13 2305
3250.79 2302.91
3257.45 2300.9
3264.11 2298.99
3270.77 2297.22
3277.43 2295.6
3284.09 2294.16
3290.76 2292.93
3297.42 2291.94
3304.08 2291.22
3310.74 2290.81
3317.4 2290.73
3324.06 2291.04
3330.72 2291.75
3337.39 2292.92
3344.05 2294.59
3350.71 2296.79
3357.37 2299.58
3364.03 2303.01
3370.69 2307.11
3377.35 2311.96
3384.02 2317.59
3390.68 2324.07
3397.34 2331.46
3404 2339.81