0 60.2901
1.13238 60.2889
2.26477 60.2877
3.39715 60.2867
4.52953 60.2859
5.66192 60.2855
6.7943 60.2855
7.92668 60.286
9.05907 60.2871
10.1915 60.2889
11.3238 60.2914
12.4562 60.2948
13.5886 60.2988
14.721 60.3028
15.8534 60.3065
16.9858 60.3093
18.1181 60.3108
19.2505 60.3104
20.3829 60.3076
21.5153 60.302
22.6477 60.293
23.7801 60.2802
24.9124 60.2632
26.0448 60.2424
27.1772 60.218
28.3096 60.1905
29.442 60.16
30.5744 60.1269
31.7067 60.0916
32.8391 60.0545
33.9715 60.0157
35.1039 59.9757
36.2363 59.9348
37.3687 59.8934
38.501 59.852
39.6334 59.811
40.7658 59.7709
41.8982 59.7322
43.0306 59.6952
44.163 59.6605
45.2953 59.6285
46.4277 59.5997
47.5601 59.5746
48.6925 59.5531
49.8249 59.5347
50.9573 59.5186
52.0896 59.5041
53.222 59.4906
54.3544 59.4773
55.4868 59.4634
56.6192 59.4484
57.7516 59.4314
58.8839 59.4118
60.0163 59.3892
61.1487 59.365
62.2811 59.3415
63.4135 59.3207
64.5459 59.305
65.6782 59.2965
66.8106 59.2973
67.943 59.3098
69.0754 59.336
70.2078 59.3782
71.3402 59.4385
72.4725 59.5164
73.6049 59.6085
74.7373 59.7111
75.8697 59.8205
77.0021 59.9331
78.1345 60.0452
79.2668 60.1531
80.3992 60.2532
81.5316 60.3418
82.664 60.4152
83.7964 60.4707
84.9288 60.5093
86.0611 60.533
87.1935 60.5439
88.3259 60.5437
89.4583 60.5347
90.5907 60.5186
91.7231 60.4976
92.8554 60.4735
93.9878 60.4484
95.1202 60.4242
96.2526 60.4019
97.385 60.3819
98.5174 60.3644
99.6497 60.3497
100.782 60.3382
101.915 60.3301
103.047 60.3256
104.179 60.3252
105.312 60.329
106.444 60.3374
107.576 60.3505
108.709 60.3674
109.841 60.3875
110.974 60.4099
112.106 60.4339
113.238 60.4587
114.371 60.4835
115.503 60.5074
116.636 60.5298
117.768 60.5497
118.9 60.5666
120.033 60.5806
121.165 60.5924
122.297 60.6027
123.43 60.6121
124.562 60.6214
125.695 60.6313
126.827 60.6424
127.959 60.6555
129.092 60.6712
130.224 60.6902
131.356 60.7126
132.489 60.7378
133.621 60.7647
134.754 60.7924
135.886 60.8201
137.018 60.8469
138.151 60.8718
139.283 60.894
140.416 60.9126
141.548 60.9266
142.68 60.9354
143.813 60.9393
144.945 60.9392
146.077 60.9358
147.21 60.93
148.342 60.9226
149.475 60.9143
150.607 60.9061
151.739 60.8987
152.872 60.8929
154.004 60.8896
155.137 60.8891
156.269 60.8914
157.401 60.8963
158.534 60.9038
159.666 60.9137
160.798 60.926
161.931 60.9405
163.063 60.9572
164.196 60.9758
165.328 60.9964
166.46 61.0188
167.593 61.0428
168.725 61.0684
169.858 61.0955
170.99 61.1238
172.122 61.1534
173.255 61.184
174.387 61.2155
175.519 61.2478
176.652 61.2807
177.784 61.3142
178.917 61.3481
180.049 61.382
181.181 61.4156
182.314 61.4488
183.446 61.4811
184.579 61.5124
185.711 61.5424
186.843 61.5707
187.976 61.5971
189.108 61.6214
190.24 61.6433
191.373 61.6633
192.505 61.6815
193.638 61.6985
194.77 61.7146
195.902 61.7301
197.035 61.7454
198.167 61.7608
199.299 61.7767
200.432 61.7935
201.564 61.8114
202.697 61.8306
203.829 61.8507
204.961 61.8716
206.094 61.8931
207.226 61.9151
208.359 61.9373
209.491 61.9594
210.623 61.9815
211.756 62.0031
212.888 62.0242
214.02 62.0446
215.153 62.0643
216.285 62.0832
217.418 62.1013
218.55 62.1185
219.682 62.1349
220.815 62.1504
221.947 62.1649
223.08 62.1784
224.212 62.191
225.344 62.2025
226.477 62.2132
227.609 62.2234
228.741 62.2332
229.874 62.243
231.006 62.2531
232.139 62.2637
233.271 62.275
234.403 62.2874
235.536 62.3011
236.668 62.3164
237.801 62.3332
238.933 62.3512
240.065 62.3701
241.198 62.3894
242.33 62.4089
243.462 62.4281
244.595 62.4467
245.727 62.4644
246.86 62.4807
247.992 62.4954
249.124 62.5081
250.257 62.5187
251.389 62.5272
252.522 62.5336
253.654 62.5378
254.786 62.5398
255.919 62.5396
257.051 62.5372
258.183 62.5325
259.316 62.5254
260.448 62.5161
261.581 62.5045
262.713 62.4909
263.845 62.4753
264.978 62.458
266.11 62.4392
267.243 62.4189
268.375 62.3974
269.507 62.3748
270.64 62.3514
271.772 62.3272
272.904 62.3024
274.037 62.2769
275.169 62.2506
276.302 62.2235
277.434 62.1955
278.566 62.1665
279.699 62.1363
280.831 62.105
281.963 62.0724
283.096 62.0385
284.228 62.0031
285.361 61.9668
286.493 61.9301
287.625 61.8936
288.758 61.858
289.89 61.8239
291.023 61.792
292.155 61.7629
293.287 61.7371
294.42 61.7154
295.552 61.6984
296.684 61.6863
297.817 61.6788
298.949 61.6755
300.082 61.6759
301.214 61.6798
302.346 61.6865
303.479 61.6959
304.611 61.7074
305.744 61.7206
306.876 61.7352
308.008 61.7507
309.141 61.767
310.273 61.7837
311.405 61.8008
312.538 61.818
313.67 61.8352
314.803 61.8521
315.935 61.8686
317.067 61.8845
318.2 61.8996
319.332 61.9137
320.465 61.9268
321.597 61.9387
322.729 61.9496
323.862 61.9595
324.994 61.9682
326.126 61.976
327.259 61.9827
328.391 61.9884
329.524 61.9931
330.656 61.9968
331.788 61.9995
332.921 62.0012
334.053 62.0019
335.186 62.0014
336.318 61.9999
337.45 61.9972
338.583 61.9933
339.715 61.9882
340.847 61.9819
341.98 61.9743
343.112 61.9654
344.245 61.9552
345.377 61.9439
346.509 61.9315
347.642 61.9182
348.774 61.904
349.907 61.889
351.039 61.8734
352.171 61.8573
353.304 61.8406
354.436 61.8237
355.568 61.8065
356.701 61.7894
357.833 61.7727
358.966 61.7567
360.098 61.7416
361.23 61.7279
362.363 61.7157
363.495 61.7054
364.627 61.6973
365.76 61.6917
366.892 61.6889
368.025 61.6886
369.157 61.6906
370.289 61.6944
371.422 61.6996
372.554 61.706
373.687 61.713
374.819 61.7203
375.951 61.7275
377.084 61.7343
378.216 61.7403
379.348 61.745
380.481 61.7484
381.613 61.75
382.746 61.7498
383.878 61.7473
385.01 61.7425
386.143 61.7351
387.275 61.7248
388.408 61.7113
389.54 61.6945
390.672 61.6741
391.805 61.6504
392.937 61.6237
394.069 61.5944
395.202 61.5627
396.334 61.5291
397.467 61.4939
398.599 61.4574
399.731 61.4201
400.864 61.3822
401.996 61.344
403.129 61.306
404.261 61.2686
405.393 61.232
406.526 61.1967
407.658 61.1631
408.79 61.1315
409.923 61.1023
411.055 61.0759
412.188 61.0527
413.32 61.033
414.452 61.0171
415.585 61.0053
416.717 60.9974
417.85 60.9938
418.982 60.9943
420.114 60.999
421.247 61.0081
422.379 61.0216
423.511 61.0395
424.644 61.062
425.776 61.0891
426.909 61.1201
428.041 61.1541
429.173 61.1899
430.306 61.2265
431.438 61.2627
432.571 61.2975
433.703 61.3298
434.835 61.3585
435.968 61.3825
437.1 61.4006
438.232 61.4124
439.365 61.4179
440.497 61.4179
441.63 61.4126
442.762 61.4027
443.894 61.3887
445.027 61.371
446.159 61.3501
447.291 61.3266
448.424 61.3009
449.556 61.2736
450.689 61.245
451.821 61.2156
452.953 61.1859
454.086 61.1564
455.218 61.1273
456.351 61.0992
457.483 61.0725
458.615 61.0477
459.748 61.0252
460.88 61.0053
462.012 60.9885
463.145 60.9746
464.277 60.9635
465.41 60.9553
466.542 60.9498
467.674 60.9469
468.807 60.9466
469.939 60.9489
471.072 60.9536
472.204 60.9606
473.336 60.97
474.469 60.9814
475.601 60.9946
476.733 61.0094
477.866 61.0255
478.998 61.0426
480.131 61.0604
481.263 61.0788
482.395 61.0974
483.528 61.116
484.66 61.1343
485.793 61.1522
486.925 61.1696
488.057 61.1866
489.19 61.2032
490.322 61.2193
491.454 61.235
492.587 61.2501
493.719 61.2649
494.852 61.2791
495.984 61.2929
497.116 61.3061
498.249 61.3183
499.381 61.3291
500.514 61.338
501.646 61.3445
502.778 61.3481
503.911 61.3483
505.043 61.3448
506.175 61.3369
507.308 61.3242
508.44 61.3064
509.573 61.2835
510.705 61.2563
511.837 61.2255
512.97 61.192
514.102 61.1563
515.235 61.1193
516.367 61.0818
517.499 61.0443
518.632 61.0078
519.764 60.9728
520.896 60.9401
522.029 60.9099
523.161 60.8825
524.294 60.8581
525.426 60.8369
526.558 60.8192
527.691 60.8051
528.823 60.795
529.955 60.7891
531.088 60.7876
532.22 60.7906
533.353 60.7979
534.485 60.8087
535.617 60.8223
536.75 60.8381
537.882 60.8553
539.015 60.8734
540.147 60.8915
541.279 60.909
542.412 60.9252
543.544 60.9395
544.676 60.9514
545.809 60.961
546.941 60.9683
548.074 60.9735
549.206 60.9767
550.338 60.978
551.471 60.9774
552.603 60.9751
553.736 60.9711
554.868 60.9656
556 60.9587
557.133 60.9505
558.265 60.941
559.397 60.9304
560.53 60.9188
561.662 60.9062
562.795 60.8928
563.927 60.8786
565.059 60.8639
566.192 60.8486
567.324 60.8328
568.457 60.8167
569.589 60.8003
570.721 60.7836
571.854 60.7666
572.986 60.7494
574.118 60.7321
575.251 60.7146
576.383 60.697
577.516 60.6793
578.648 60.6615