0 60.2901
1.13238 171.984
2.26477 256.092
3.39715 317.092
4.52953 358.889
5.66192 384.88
6.7943 398.003
7.92668 400.794
9.05907 395.426
10.1915 383.756
11.3238 367.359
12.4562 347.561
13.5886 325.472
14.721 302.01
15.8534 277.93
16.9858 253.838
18.1181 230.221
19.2505 207.455
20.3829 185.827
21.5153 165.543
22.6477 146.746
23.7801 129.524
24.9124 113.917
26.0448 99.9299
27.1772 87.5366
28.3096 76.6871
29.442 67.3132
30.5744 59.3326
31.7067 52.6533
32.8391 47.1766
33.9715 42.8004
35.1039 39.4211
36.2363 36.9356
37.3687 35.2434
38.501 34.247
39.6334 33.8538
40.7658 33.9758
41.8982 34.5312
43.0306 35.444
44.163 36.6444
45.2953 38.0691
46.4277 39.6608
47.5601 41.3685
48.6925 43.1473
49.8249 44.9576
50.9573 46.7656
52.0896 48.5425
53.222 50.2641
54.3544 51.9108
55.4868 53.4667
56.6192 54.92
57.7516 56.2618
58.8839 57.4863
60.0163 58.5904
61.1487 59.5731
62.2811 60.4355
63.4135 61.1803
64.5459 61.8115
65.6782 62.3345
66.8106 62.7554
67.943 63.081
69.0754 63.3188
70.2078 63.4765
71.3402 63.5619
72.4725 63.583
73.6049 63.5477
74.7373 63.4637
75.8697 63.3384
77.0021 63.179
78.1345 62.9922
79.2668 62.7843
80.3992 62.5612
81.5316 62.3282
82.664 62.0903
83.7964 61.8516
84.9288 61.6162
86.0611 61.3873
87.1935 61.1679
88.3259 60.9603
89.4583 60.7666
90.5907 60.5882
91.7231 60.4263
92.8554 60.2817
93.9878 60.1549
95.1202 60.0459
96.2526 59.9548
97.385 59.8811
98.5174 59.8242
99.6497 59.7835
100.782 59.758
101.915 59.7467
103.047 59.7485
104.179 59.7621
105.312 59.7865
106.444 59.8203
107.576 59.8621
108.709 59.9109
109.841 59.9653
110.974 60.0242
112.106 60.0864
113.238 60.1508
114.371 60.2164
115.503 60.2822
116.636 60.3475
117.768 60.4115
118.9 60.4734
120.033 60.5327
121.165 60.5889
122.297 60.6416
123.43 60.6904
124.562 60.735
125.695 60.7754
126.827 60.8114
127.959 60.843
129.092 60.8703
130.224 60.8932
131.356 60.9121
132.489 60.927
133.621 60.9383
134.754 60.9462
135.886 60.951
137.018 60.953
138.151 60.9525
139.283 60.95
140.416 60.9458
141.548 60.9403
142.68 60.9338
143.813 60.9266
144.945 60.9191
146.077 60.9117
147.21 60.9047
148.342 60.8983
149.475 60.8928
150.607 60.8884
151.739 60.8855
152.872 60.8841
154.004 60.8844
155.137 60.8866
156.269 60.8907
157.401 60.897
158.534 60.9053
159.666 60.9157
160.798 60.9283
161.931 60.943
163.063 60.9598
164.196 60.9785
165.328 60.9992
166.46 61.0217
167.593 61.0458
168.725 61.0716
169.858 61.0987
170.99 61.1272
172.122 61.1567
173.255 61.1872
174.387 61.2185
175.519 61.2504
176.652 61.2828
177.784 61.3155
178.917 61.3483
180.049 61.381
181.181 61.4136
182.314 61.446
183.446 61.4778
184.579 61.5092
185.711 61.5399
186.843 61.5698
187.976 61.5989
189.108 61.6272
190.24 61.6544
191.373 61.6807
192.505 61.706
193.638 61.7302
194.77 61.7534
195.902 61.7755
197.035 61.7966
198.167 61.8168
199.299 61.8359
200.432 61.8542
201.564 61.8716
202.697 61.8882
203.829 61.9042
204.961 61.9194
206.094 61.9341
207.226 61.9483
208.359 61.9621
209.491 61.9756
210.623 61.9888
211.756 62.0019
212.888 62.0148
214.02 62.0278
215.153 62.0408
216.285 62.0539
217.418 62.0672
218.55 62.0807
219.682 62.0945
220.815 62.1086
221.947 62.1231
223.08 62.1378
224.212 62.153
225.344 62.1684
226.477 62.1843
227.609 62.2004
228.741 62.2169
229.874 62.2336
231.006 62.2505
232.139 62.2676
233.271 62.2848
234.403 62.3021
235.536 62.3193
236.668 62.3363
237.801 62.3532
238.933 62.3697
240.065 62.3859
241.198 62.4015
242.33 62.4166
243.462 62.4309
244.595 62.4445
245.727 62.4571
246.86 62.4688
247.992 62.4793
249.124 62.4887
250.257 62.4968
251.389 62.5035
252.522 62.5088
253.654 62.5126
254.786 62.5149
255.919 62.5155
257.051 62.5144
258.183 62.5117
259.316 62.5072
260.448 62.501
261.581 62.4931
262.713 62.4834
263.845 62.472
264.978 62.4589
266.11 62.4441
267.243 62.4278
268.375 62.4099
269.507 62.3905
270.64 62.3698
271.772 62.3478
272.904 62.3245
274.037 62.3002
275.169 62.2749
276.302 62.2488
277.434 62.222
278.566 62.1945
279.699 62.1667
280.831 62.1385
281.963 62.1102
283.096 62.0819
284.228 62.0537
285.361 62.0258
286.493 61.9984
287.625 61.9715
288.758 61.9454
289.89 61.9202
291.023 61.8959
292.155 61.8728
293.287 61.8509
294.42 61.8303
295.552 61.8112
296.684 61.7936
297.817 61.7777
298.949 61.7634
300.082 61.7509
301.214 61.7402
302.346 61.7313
303.479 61.7243
304.611 61.7191
305.744 61.7157
306.876 61.7142
308.008 61.7145
309.141 61.7165
310.273 61.7202
311.405 61.7256
312.538 61.7325
313.67 61.7408
314.803 61.7505
315.935 61.7614
317.067 61.7734
318.2 61.7864
319.332 61.8002
320.465 61.8147
321.597 61.8298
322.729 61.8453
323.862 61.8609
324.994 61.8767
326.126 61.8924
327.259 61.9078
328.391 61.9228
329.524 61.9372
330.656 61.951
331.788 61.9639
332.921 61.9758
334.053 61.9865
335.186 61.9961
336.318 62.0042
337.45 62.0109
338.583 62.0161
339.715 62.0196
340.847 62.0214
341.98 62.0215
343.112 62.0198
344.245 62.0163
345.377 62.011
346.509 62.0039
347.642 61.9951
348.774 61.9845
349.907 61.9722
351.039 61.9583
352.171 61.9428
353.304 61.926
354.436 61.9078
355.568 61.8884
356.701 61.868
357.833 61.8466
358.966 61.8244
360.098 61.8017
361.23 61.7785
362.363 61.755
363.495 61.7313
364.627 61.7078
365.76 61.6845
366.892 61.6616
368.025 61.6394
369.157 61.6178
370.289 61.5972
371.422 61.5777
372.554 61.5593
373.687 61.5423
374.819 61.5268
375.951 61.5128
377.084 61.5005
378.216 61.4899
379.348 61.4811
380.481 61.474
381.613 61.4688
382.746 61.4655
383.878 61.4639
385.01 61.464
386.143 61.4658
387.275 61.4692
388.408 61.474
389.54 61.4802
390.672 61.4875
391.805 61.4958
392.937 61.505
394.069 61.5147
395.202 61.5248
396.334 61.5351
397.467 61.5453
398.599 61.5551
399.731 61.5643
400.864 61.5726
401.996 61.5797
403.129 61.5854
404.261 61.5895
405.393 61.5916
406.526 61.5916
407.658 61.5892
408.79 61.5841
409.923 61.5763
411.055 61.5655
412.188 61.5517
413.32 61.5346
414.452 61.5142
415.585 61.4906
416.717 61.4636
417.85 61.4333
418.982 61.3998
420.114 61.3632
421.247 61.3237
422.379 61.2815
423.511 61.2369
424.644 61.1901
425.776 61.1415
426.909 61.0915
428.041 61.0404
429.173 60.9889
430.306 60.9374
431.438 60.8864
432.571 60.8365
433.703 60.7883
434.835 60.7425
435.968 60.6995
437.1 60.6602
438.232 60.6251
439.365 60.5948
440.497 60.5699
441.63 60.5512
442.762 60.539
443.894 60.534
445.027 60.5367
446.159 60.5473
447.291 60.5663
448.424 60.594
449.556 60.6305
450.689 60.676
451.821 60.7303
452.953 60.7934
454.086 60.8651
455.218 60.9449
456.351 61.0324
457.483 61.1269
458.615 61.2277
459.748 61.3338
460.88 61.4441
462.012 61.5575
463.145 61.6726
464.277 61.7878
465.41 61.9017
466.542 62.0125
467.674 62.1182
468.807 62.2171
469.939 62.307
471.072 62.3858
472.204 62.4516
473.336 62.502
474.469 62.5351
475.601 62.5486
476.733 62.5406
477.866 62.5092
478.998 62.4526
480.131 62.3692
481.263 62.2576
482.395 62.1167
483.528 61.9458
484.66 61.7443
485.793 61.5122
486.925 61.2499
488.057 60.9582
489.19 60.6386
490.322 60.2931
491.454 59.9241
492.587 59.5351
493.719 59.1298
494.852 58.7129
495.984 58.2897
497.116 57.8664
498.249 57.4498
499.381 57.0475
500.514 56.6677
501.646 56.3195
502.778 56.0125
503.911 55.7569
505.043 55.5636
506.175 55.4438
507.308 55.4089
508.44 55.4707
509.573 55.641
510.705 55.9313
511.837 56.353
512.97 56.9167
514.102 57.6323
515.235 58.5087
516.367 59.5532
517.499 60.7714
518.632 62.167
519.764 63.7409
520.896 65.4914
522.029 67.4134
523.161 69.4979
524.294 71.7317
525.426 74.097
526.558 76.5706
527.691 79.1237
528.823 81.7212
529.955 84.3215
531.088 86.8755
532.22 89.327
533.353 91.6115
534.485 93.6566
535.617 95.3812
536.75 96.6958
537.882 97.5023
539.015 97.6942
540.147 97.1568
541.279 95.7682
542.412 93.3994
543.544 89.9162
544.676 85.1796
545.809 79.0488
546.941 71.3823
548.074 62.0415
549.206 50.8933
550.338 37.8147
551.471 22.697
552.603 5.45123
553.736 -13.985
554.868 -35.6406
556 -59.5022
557.133 -85.5047
558.265 -113.519
559.397 -143.342
560.53 -174.679
561.662 -207.128
562.795 -240.164
563.927 -273.114
565.059 -305.138
566.192 -335.201
567.324 -362.042
568.457 -384.147
569.589 -399.707
570.721 -406.583
571.854 -402.259
572.986 -383.793
574.118 -347.765
575.251 -290.216
576.383 -206.581
577.516 -91.621
578.648 60.6615