0 68.3907
225.667 64.7133
451.335 62.9231
677.002 55.1324
902.67 44.8662
1128.34 35.7904
1354 29.3008
1579.67 25.1055
1805.34 22.3002
2031.01 20.0943
2256.67 18.0831
2482.34 16.2126
2708.01 14.6143
2933.68 13.4365
3159.34 12.7384
3385.01 12.4565
3610.68 12.4305
3836.35 12.4589
4062.01 12.3599
4287.68 12.0175
4513.35 11.4046
4739.02 10.582
4964.68 9.67729
5190.35 8.85279
5416.02 8.27047
5641.69 8.06095
5867.35 8.3018
6093.02 9.00731
6318.69 10.1298
6544.36 11.5707
6770.02 13.1975
6995.69 14.8647
7221.36 16.4339
7447.03 17.7903
7672.69 18.8551
7898.36 19.5913
8124.03 20.004
8349.7 20.1347
8575.36 20.0525
8801.03 19.8425
9026.7 19.5934
9252.37 19.3866
9478.03 19.2863
9703.7 19.3339
9929.37 19.5443
10155 19.9072
10380.7 20.3899
10606.4 20.9439
10832 21.5123
11057.7 22.0381
11283.4 22.4727
11509 22.783
11734.7 22.9569
11960.4 23.0069
12186 22.9714
12411.7 22.9135
12637.4 22.9177
12863 23.0847
13088.7 23.5248
13314.4 24.3508
13540 25.6701
13765.7 27.5778
13991.4 30.1497
14217.1 33.4377
14442.7 37.4656
14668.4 42.2271
14894.1 47.6859
15119.7 53.7771
15345.4 60.4098
15571.1 67.4721
15796.7 74.836
16022.4 82.3633
16248.1 89.9121
16473.7 97.3429
16699.4 104.524
16925.1 111.337
17150.7 117.68
17376.4 123.471
17602.1 128.653
17827.7 133.189
18053.4 137.064
18279.1 140.287
18504.7 142.883
18730.4 144.896
18956.1 146.382
19181.7 147.404
19407.4 148.034
19633.1 148.344
19858.7 148.408
20084.4 148.293
20310.1 148.062
20535.7 147.771
20761.4 147.468
20987.1 147.189
21212.7 146.965
21438.4 146.816
21664.1 146.756
21889.7 146.792
22115.4 146.926
22341.1 147.157
22566.7 147.481
22792.4 147.893
23018.1 148.387
23243.7 148.958
23469.4 149.604
23695.1 150.32
23920.8 151.106
24146.4 151.96
24372.1 152.883
24597.8 153.874
24823.4 154.931
25049.1 156.051
25274.8 157.228
25500.4 158.454
25726.1 159.719
25951.8 161.007
26177.4 162.301
26403.1 163.58
26628.8 164.822
26854.4 166.001
27080.1 167.094
27305.8 168.074
27531.4 168.92
27757.1 169.611
27982.8 170.131
28208.4 170.468
28434.1 170.617
28659.8 170.579
28885.4 170.361
29111.1 169.979
29336.8 169.455
29562.4 168.816
29788.1 168.097
30013.8 167.336
30239.4 166.576
30465.1 165.861
30690.8 165.235
30916.4 164.741
31142.1 164.419
31367.8 164.304
31593.4 164.424
31819.1 164.802
32044.8 165.448
32270.4 166.366
32496.1 167.548
32721.8 168.977
32947.5 170.625
33173.1 172.455
33398.8 174.422
33624.5 176.473
33850.1 178.549
34075.8 180.59
34301.5 182.532
34527.1 184.31
34752.8 185.864
34978.5 187.138
35204.1 188.082
35429.8 188.655
35655.5 188.824
35881.1 188.57
36106.8 187.884
36332.5 186.77
36558.1 185.246
36783.8 183.341
37009.5 181.097
37235.1 178.566
37460.8 175.81
37686.5 172.897
37912.1 169.903
38137.8 166.906
38363.5 163.985
38589.1 161.218
38814.8 158.679
39040.5 156.435
39266.1 154.547
39491.8 153.064
39717.5 152.024
39943.1 151.45
40168.8 151.353
40394.5 151.73
40620.1 152.559
40845.8 153.808
41071.5 155.428
41297.1 157.36
41522.8 159.532
41748.5 161.862
41974.1 164.263
42199.8 166.641
42425.5 168.899
42651.2 170.942
42876.8 172.677
43102.5 174.013
43328.2 174.871
43553.8 175.177
43779.5 174.871
44005.2 173.906
44230.8 172.248
44456.5 169.877
44682.2 166.792
44907.8 163.006
45133.5 158.546
45359.2 153.455
45584.8 147.791
45810.5 141.621
46036.2 135.027
46261.8 128.096
46487.5 120.923
46713.2 113.607
46938.8 106.25
47164.5 98.9532
47390.2 91.815
47615.8 84.9295
47841.5 78.384
48067.2 72.2572
48292.8 66.6179
48518.5 61.5236
48744.2 57.0195
48969.8 53.1378
49195.5 49.8978
49421.2 47.3051
49646.8 45.353
49872.5 44.0222
50098.2 43.2822
50323.8 43.0926
50549.5 43.4038
50775.2 44.1594
51000.8 45.297
51226.5 46.7508
51452.2 48.4523
51677.9 50.333
51903.5 52.3257
52129.2 54.3655
52354.9 56.3924
52580.5 58.3513
52806.2 60.1939
53031.9 61.8791
53257.5 63.3739
53483.2 64.6533
53708.9 65.701
53934.5 66.5089
54160.2 67.077
54385.9 67.4126
54611.5 67.5301
54837.2 67.4496
55062.9 67.1964
55288.5 66.7999
55514.2 66.2923
55739.9 65.7076
55965.5 65.0807
56191.2 64.4459
56416.9 63.8364
56642.5 63.2831
56868.2 62.8138
57093.9 62.4529
57319.5 62.2202
57545.2 62.1312
57770.9 62.1966
57996.5 62.4221
58222.2 62.8088
58447.9 63.353
58673.5 64.0467
58899.2 64.8782
59124.9 65.8323
59350.5 66.891
59576.2 68.0341
59801.9 69.24
60027.5 70.486
60253.2 71.7492
60478.9 73.007
60704.5 74.2375
60930.2 75.4204
61155.9 76.5369
61381.6 77.5702
61607.2 78.5058
61832.9 79.3318
62058.6 80.0384
62284.2 80.6184
62509.9 81.067
62735.6 81.3813
62961.2 81.5605
63186.9 81.6051
63412.6 81.5174
63638.2 81.3001
63863.9 80.9569
64089.6 80.4916
64315.2 79.9082
64540.9 79.2101
64766.6 78.4005
64992.2 77.4817
65217.9 76.4552
65443.6 75.3217
65669.2 74.0809
65894.9 72.7319
66120.6 71.2727
66346.2 69.7012
66571.9 68.0148
66797.6 66.2108
67023.2 64.287
67248.9 62.2414
67474.6 60.0734
67700.2 57.7831
67925.9 55.3725
68151.6 52.8452
68377.2 50.2069
68602.9 47.4657
68828.6 44.6318
69054.2 41.7181
69279.9 38.7398
69505.6 35.7147
69731.2 32.6629
69956.9 29.6064
70182.6 26.5694
70408.3 23.5772
70633.9 20.6565
70859.6 17.8348
71085.3 15.1397
71310.9 12.5983
71536.6 10.2373
71762.3 8.08173
71987.9 6.15498
72213.6 4.47791
72439.3 3.06853
72664.9 1.94155
72890.6 1.10794
73116.3 0.574616
73341.9 0.344197
73567.6 0.414791
73793.3 0.779911
74018.9 1.42847
74244.6 2.34484
74470.3 3.50907
74695.9 4.89713
74921.6 6.48123
75147.3 8.23033
75372.9 10.1106
75598.6 12.0861
75824.3 14.1192
76049.9 16.1715
76275.6 18.2043
76501.3 20.1798
76726.9 22.0612
76952.6 23.8137
77178.3 25.4053
77403.9 26.8074
77629.6 27.9951
77855.3 28.948
78080.9 29.6504
78306.6 30.0917
78532.3 30.2667
78757.9 30.1753
78983.6 29.823
79209.3 29.2201
79434.9 28.382
79660.6 27.3284
79886.3 26.083
80112 24.6729
80337.6 23.1276
80563.3 21.4787
80789 19.7591
81014.6 18.0016
81240.3 16.2387
81466 14.5017
81691.6 12.8198
81917.3 11.2193
82143 9.72339
82368.6 8.35135
82594.3 7.11827
82820 6.03482
83045.6 5.10711
83271.3 4.33674
83497 3.72098
83722.6 3.25306
83948.3 2.92262
84174 2.71627
84399.6 2.61816
84625.3 2.61075
84851 2.67549
85076.6 2.7936
85302.3 2.94681
85528 3.11802
85753.6 3.29195
85979.3 3.45564
86205 3.5989
86430.6 3.71452
86656.3 3.79844
86882 3.8497
87107.6 3.87028
87333.3 3.86479
87559 3.83999
87784.6 3.80428
88010.3 3.76702
88236 3.7379
88461.6 3.72617
88687.3 3.74003
88913 3.78595
89138.6 3.86819
89364.3 3.98834
89590 4.14509
89815.7 4.33412
90041.3 4.54822
90267 4.77753
90492.7 5.01004
90718.3 5.23213
90944 5.42937
91169.7 5.58737
91395.3 5.69262
91621 5.73344
91846.7 5.70083
92072.3 5.58918
92298 5.39692
92523.7 5.12692
92749.3 4.78661
92975 4.38793
93200.7 3.94691
93426.3 3.48307
93652 3.01848
93877.7 2.57661
94103.3 2.18109
94329 1.85421
94554.7 1.61558
94780.3 1.48068
95006 1.45966
95231.7 1.55635
95457.3 1.76759
95683 2.08294
95908.7 2.48488
96134.3 2.94941
96360 3.44718
96585.7 3.94508
96811.3 4.40817
97037 4.80192
97262.7 5.09465
97488.3 5.25999
97714 5.27919
97939.7 5.1432
98165.3 4.85421
98391 4.42658
98616.7 3.8871
98842.4 3.27432
99068 2.63705
99293.7 2.03196
99519.4 1.52038
99745 1.16447
99970.7 1.02292
100196 1.14637
100422 1.57309
100648 2.32489
100873 3.40398
101099 4.79077
101325 6.44312
101550 8.29714
101776 10.2696
102002 12.2623
102227 14.1674
102453 15.875
102679 17.2804
102904 18.2928
103130 18.8432
103356 18.8912
103581 18.4306
103807 17.4926
104033 16.1459
104258 14.4944
104484 12.6706
104710 10.8269
104935 9.12362
105161 7.71577
105387 6.73845
105612 6.29312
105838 6.43562
106064 7.1676
106289 8.43251
106515 10.1172
106741 12.0596
106966 14.0625
107192 15.9128
107418 17.4041
107643 18.3616
107869 18.6654
108095 18.2699
108320 17.2159
108546 15.6331
108772 13.7303
108997 11.7747
109223 10.0587
109449 8.85972
109674 8.3969
109900 8.79014
110126 10.0302
110351 11.9654
110577 14.3115
110803 16.6862
111028 18.6667
111254 19.8644
111480 20.0029
111705 18.9839
111931 16.9234
112157 14.1417
112382 11.1
112608 8.29071
112834 6.10251
113059 4.70221
113285 3.98371
113511 3.62785
113736 3.28212
113962 2.8006
114188 2.39285
114413 2.46417
114639 3.01607
114865 2.98019
115090 1.29428
115316 4.81082