0 692.624
6.66145 692.59
13.3229 691.646
19.9843 691.023
26.6458 691.073
33.3072 692.2
39.9687 698.121
46.6301 694.917
53.2916 693.367
59.953 698.524
66.6145 702.31
73.2759 700.865
79.9374 698.983
86.5988 701.065
93.2603 705.789
99.9217 709.385
106.583 710.54
113.245 711.042
119.906 712.995
126.568 716.473
133.229 719.754
139.89 721.221
146.552 720.856
153.213 720.169
159.875 720.943
166.536 723.973
173.198 728.693
179.859 733.748
186.521 737.942
193.182 740.887
199.843 743.031
206.505 745.198
213.166 747.999
219.828 751.502
226.489 755.268
233.151 758.677
239.812 761.291
246.474 763.063
253.135 764.302
259.796 765.458
266.458 766.874
273.119 768.621
279.781 770.513
286.442 772.246
293.104 773.594
299.765 774.561
306.427 775.416
313.088 776.602
319.75 778.574
326.411 781.626
333.072 785.784
339.734 790.789
346.395 796.185
353.057 801.454
359.718 806.167
366.38 810.076
373.041 813.153
379.703 815.55
386.364 817.516
393.025 819.302
399.687 821.088
406.348 822.951
413.01 824.871
419.671 826.779
426.333 828.608
432.994 830.338
439.656 832.017
446.317 833.752
452.978 835.681
459.64 837.931
466.301 840.584
472.963 843.66
479.624 847.117
486.286 850.872
492.947 854.829
499.609 858.91
506.27 863.07
512.932 867.3
519.593 871.614
526.254 876.029
532.916 880.539
539.577 885.101
546.239 889.634
552.9 894.032
559.562 898.19
566.223 902.032
572.885 905.542
579.546 908.773
586.207 911.846
592.869 914.924
599.53 918.183
606.192 921.762
612.853 925.727
619.515 930.05
626.176 934.598
632.838 939.153
639.499 943.448
646.16 947.218
652.822 950.247
659.483 952.419
666.145 953.742
672.806 954.356
679.468 954.511
686.129 954.533
692.791 954.767
699.452 955.525
706.114 957.038
712.775 959.419
719.436 962.653
726.098 966.602
732.759 971.039
739.421 975.685
746.082 980.261
752.744 984.53
759.405 988.332
766.067 991.604
772.728 994.378
779.389 996.769
786.051 998.943
792.712 1001.09
799.374 1003.37
806.035 1005.93
812.697 1008.84
819.358 1012.11
826.02 1015.7
832.681 1019.54
839.342 1023.56
846.004 1027.69
852.665 1031.91
859.327 1036.21
865.988 1040.65
872.65 1045.33
879.311 1050.33
885.973 1055.74
892.634 1061.62
899.295 1067.97
905.957 1074.73
912.618 1081.81
919.28 1089.02
925.941 1096.19
932.603 1103.1
939.264 1109.58
945.926 1115.49
952.587 1120.74
959.249 1125.33
965.91 1129.31
972.571 1132.79
979.233 1135.93
985.894 1138.89
992.556 1141.84
999.217 1144.91
1005.88 1148.21
1012.54 1151.77
1019.2 1155.6
1025.86 1159.66
1032.52 1163.87
1039.19 1168.16
1045.85 1172.45
1052.51 1176.67
1059.17 1180.81
1065.83 1184.88
1072.49 1188.89
1079.15 1192.93
1085.82 1197.06
1092.48 1201.36
1099.14 1205.88
1105.8 1210.65
1112.46 1215.67
1119.12 1220.91
1125.78 1226.31
1132.45 1231.78
1139.11 1237.22
1145.77 1242.53
1152.43 1247.64
1159.09 1252.49
1165.75 1257.04
1172.41 1261.3
1179.08 1265.3
1185.74 1269.1
1192.4 1272.76
1199.06 1276.37
1205.72 1279.99
1212.38 1283.69
1219.05 1287.5
1225.71 1291.45
1232.37 1295.54
1239.03 1299.74
1245.69 1304.04
1252.35 1308.4
1259.01 1312.78
1265.68 1317.18
1272.34 1321.56
1279 1325.92
1285.66 1330.27
1292.32 1334.6
1298.98 1338.94
1305.64 1343.27
1312.31 1347.61
1318.97 1351.93
1325.63 1356.24
1332.29 1360.5
1338.95 1364.7
1345.61 1368.79
1352.27 1372.78
1358.94 1376.65
1365.6 1380.4
1372.26 1384.05
1378.92 1387.63
1385.58 1391.19
1392.24 1394.76
1398.9 1398.4
1405.57 1402.13
1412.23 1405.99
1418.89 1409.99
1425.55 1414.12
1432.21 1418.36
1438.87 1422.68
1445.53 1427.04
1452.2 1431.38
1458.86 1435.66
1465.52 1439.84
1472.18 1443.9
1478.84 1447.83
1485.5 1451.64
1492.16 1455.35
1498.83 1459
1505.49 1462.63
1512.15 1466.29
1518.81 1470.02
1525.47 1473.86
1532.13 1477.84
1538.79 1481.95
1545.46 1486.21
1552.12 1490.59
1558.78 1495.09
1565.44 1499.65
1572.1 1504.27
1578.76 1508.92
1585.42 1513.56
1592.09 1518.19
1598.75 1522.79
1605.41 1527.36
1612.07 1531.89
1618.73 1536.39
1625.39 1540.85
1632.05 1545.26
1638.72 1549.63
1645.38 1553.93
1652.04 1558.17
1658.7 1562.34
1665.36 1566.44
1672.02 1570.5
1678.68 1574.52
1685.35 1578.57
1692.01 1582.66
1698.67 1586.88
1705.33 1591.26
1711.99 1595.86
1718.65 1600.72
1725.32 1605.87
1731.98 1611.29
1738.64 1616.96
1745.3 1622.83
1751.96 1628.81
1758.62 1634.8
1765.28 1640.69
1771.95 1646.36
1778.61 1651.7
1785.27 1656.62
1791.93 1661.05
1798.59 1664.96
1805.25 1668.33
1811.91 1671.21
1818.58 1673.65
1825.24 1675.73
1831.9 1677.56
1838.56 1679.22
1845.22 1680.83
1851.88 1682.45
1858.54 1684.15
1865.21 1685.97
1871.87 1687.92
1878.53 1689.99
1885.19 1692.16
1891.85 1694.4
1898.51 1696.67
1905.17 1698.94
1911.84 1701.19
1918.5 1703.41
1925.16 1705.61
1931.82 1707.8
1938.48 1710.02
1945.14 1712.28
1951.8 1714.62
1958.47 1717.05
1965.13 1719.57
1971.79 1722.18
1978.45 1724.84
1985.11 1727.53
1991.77 1730.18
1998.43 1732.76
2005.1 1735.22
2011.76 1737.52
2018.42 1739.65
2025.08 1741.61
2031.74 1743.43
2038.4 1745.13
2045.06 1746.77
2051.73 1748.42
2058.39 1750.12
2065.05 1751.94
2071.71 1753.91
2078.37 1756.05
2085.03 1758.39
2091.69 1760.89
2098.36 1763.54
2105.02 1766.29
2111.68 1769.12
2118.34 1771.98
2125 1774.85
2131.66 1777.71
2138.32 1780.56
2144.99 1783.42
2151.65 1786.31
2158.31 1789.27
2164.97 1792.32
2171.63 1795.51
2178.29 1798.85
2184.95 1802.35
2191.62 1806.03
2198.28 1809.85
2204.94 1813.79
2211.6 1817.83
2218.26 1821.92
2224.92 1826.03
2231.59 1830.13
2238.25 1834.2
2244.91 1838.23
2251.57 1842.21
2258.23 1846.13
2264.89 1850
2271.55 1853.81
2278.22 1857.55
2284.88 1861.21
2291.54 1864.78
2298.2 1868.23
2304.86 1871.54
2311.52 1874.72
2318.18 1877.77
2324.85 1880.72
2331.51 1883.62
2338.17 1886.52
2344.83 1889.52
2351.49 1892.7
2358.15 1896.13
2364.81 1899.9
2371.48 1904.05
2378.14 1908.58
2384.8 1913.48
2391.46 1918.69
2398.12 1924.12
2404.78 1929.66
2411.44 1935.19
2418.11 1940.61
2424.77 1945.84
2431.43 1950.84
2438.09 1955.6
2444.75 1960.19
2451.41 1964.69
2458.07 1969.22
2464.74 1973.93
2471.4 1978.94
2478.06 1984.35
2484.72 1990.2
2491.38 1996.48
2498.04 2003.12
2504.7 2009.99
2511.37 2016.89
2518.03 2023.6
2524.69 2029.91
2531.35 2035.6
2538.01 2040.53
2544.67 2044.59
2551.33 2047.77
2558 2050.12
2564.66 2051.78
2571.32 2052.92
2577.98 2053.77
2584.64 2054.54
2591.3 2055.44
2597.96 2056.63
2604.63 2058.22
2611.29 2060.26
2617.95 2062.73
2624.61 2065.56
2631.27 2068.66
2637.93 2071.9
2644.59 2075.17
2651.26 2078.37
2657.92 2081.46
2664.58 2084.41
2671.24 2087.25
2677.9 2090.05
2684.56 2092.89
2691.23 2095.89
2697.89 2099.14
2704.55 2102.72
2711.21 2106.7
2717.87 2111.09
2724.53 2115.86
2731.19 2120.96
2737.86 2126.29
2744.52 2131.74
2751.18 2137.19
2757.84 2142.52
2764.5 2147.65
2771.16 2152.51
2777.82 2157.08
2784.49 2161.38
2791.15 2165.48
2797.81 2169.47
2804.47 2173.47
2811.13 2177.6
2817.79 2181.95
2824.45 2186.6
2831.12 2191.56
2837.78 2196.83
2844.44 2202.33
2851.1 2207.97
2857.76 2213.64
2864.42 2219.23
2871.08 2224.68
2877.75 2229.92
2884.41 2234.98
2891.07 2239.89
2897.73 2244.71
2904.39 2249.52
2911.05 2254.36
2917.71 2259.25
2924.38 2264.17
2931.04 2269.07
2937.7 2273.88
2944.36 2278.53
2951.02 2283.01
2957.68 2287.32
2964.34 2291.54
2971.01 2295.8
2977.67 2300.21
2984.33 2304.87
2990.99 2309.79
2997.65 2314.92
3004.31 2320.06
3010.97 2324.94
3017.64 2329.28
3024.3 2332.8
3030.96 2335.32
3037.62 2336.81
3044.28 2337.4
3050.94 2337.35
3057.6 2337.02
3064.27 2336.76
3070.93 2336.86
3077.59 2337.44
3084.25 2338.45
3090.91 2339.69
3097.57 2340.88
3104.23 2341.71
3110.9 2342
3117.56 2341.71
3124.22 2340.96
3130.88 2340.05
3137.54 2339.28
3144.2 2338.9
3150.86 2338.99
3157.53 2339.4
3164.19 2339.75
3170.85 2339.64
3177.51 2338.75
3184.17 2337.06
3190.83 2334.94
3197.5 2333.09
3204.16 2332.3
3210.82 2333.12
3217.48 2335.52
3224.14 2338.79
3230.8 2341.78
3237.46 2343.4
3244.13 2343.26
3250.79 2341.96
3257.45 2340.89
3264.11 2341.41
3270.77 2343.86
3277.43 2347.25
3284.09 2349.82
3290.76 2350.44
3297.42 2349.68
3304.08 2349.4
3310.74 2350.97
3317.4 2353.55
3324.06 2354.89
3330.72 2354.2
3337.39 2353.79
3344.05 2355.91
3350.71 2358.3
3357.37 2357.16
3364.03 2355.63
3370.69 2358.33
3377.35 2356.29
3384.02 2351.84
3390.68 2347.8
3397.34 2344.02
3404 2339.81