0 68.3907
225.667 66.6549
451.335 64.9209
677.002 63.1903
902.67 61.4648
1128.34 59.7462
1354 58.0363
1579.67 56.3366
1805.34 54.649
2031.01 52.9751
2256.67 51.3168
2482.34 49.6756
2708.01 48.0533
2933.68 46.4517
3159.34 44.8724
3385.01 43.3172
3610.68 41.7878
3836.35 40.2859
4062.01 38.8132
4287.68 37.3715
4513.35 35.9625
4739.02 34.5879
4964.68 33.2493
5190.35 31.9487
5416.02 30.6875
5641.69 29.4676
5867.35 28.2908
6093.02 27.1586
6318.69 26.0729
6544.36 25.0353
6770.02 24.0476
6995.69 23.1114
7221.36 22.2286
7447.03 21.4008
7672.69 20.6298
7898.36 19.9172
8124.03 19.2648
8349.7 18.6744
8575.36 18.1475
8801.03 17.686
9026.7 17.2916
9252.37 16.9659
9478.03 16.7108
9703.7 16.5279
9929.37 16.4189
10155 16.3856
10380.7 16.4297
10606.4 16.5529
10832 16.7569
11057.7 17.0434
11283.4 17.4142
11509 17.871
11734.7 18.4155
11960.4 19.0494
12186 19.7745
12411.7 20.5924
12637.4 21.5049
12863 22.5137
13088.7 23.6192
13314.4 24.8192
13540 26.1109
13765.7 27.4917
13991.4 28.959
14217.1 30.5102
14442.7 32.1426
14668.4 33.8536
14894.1 35.6405
15119.7 37.5007
15345.4 39.4316
15571.1 41.4305
15796.7 43.4948
16022.4 45.6218
16248.1 47.8089
16473.7 50.0535
16699.4 52.3529
16925.1 54.7046
17150.7 57.1057
17376.4 59.5538
17602.1 62.0461
17827.7 64.5801
18053.4 67.1531
18279.1 69.7624
18504.7 72.4054
18730.4 75.0796
18956.1 77.7821
19181.7 80.5105
19407.4 83.262
19633.1 86.034
19858.7 88.8239
20084.4 91.6291
20310.1 94.4468
20535.7 97.2745
20761.4 100.11
20987.1 102.949
21212.7 105.791
21438.4 108.632
21664.1 111.47
21889.7 114.302
22115.4 117.126
22341.1 119.938
22566.7 122.737
22792.4 125.519
23018.1 128.282
23243.7 131.024
23469.4 133.741
23695.1 136.431
23920.8 139.091
24146.4 141.72
24372.1 144.313
24597.8 146.869
24823.4 149.384
25049.1 151.857
25274.8 154.284
25500.4 156.664
25726.1 158.992
25951.8 161.268
26177.4 163.49
26403.1 165.658
26628.8 167.77
26854.4 169.825
27080.1 171.823
27305.8 173.762
27531.4 175.642
27757.1 177.461
27982.8 179.218
28208.4 180.912
28434.1 182.543
28659.8 184.109
28885.4 185.61
29111.1 187.044
29336.8 188.41
29562.4 189.708
29788.1 190.936
30013.8 192.094
30239.4 193.179
30465.1 194.193
30690.8 195.132
30916.4 195.997
31142.1 196.786
31367.8 197.499
31593.4 198.134
31819.1 198.691
32044.8 199.167
32270.4 199.564
32496.1 199.878
32721.8 200.11
32947.5 200.258
33173.1 200.322
33398.8 200.3
33624.5 200.192
33850.1 199.995
34075.8 199.711
34301.5 199.336
34527.1 198.871
34752.8 198.315
34978.5 197.665
35204.1 196.922
35429.8 196.085
35655.5 195.152
35881.1 194.122
36106.8 192.995
36332.5 191.769
36558.1 190.443
36783.8 189.017
37009.5 187.489
37235.1 185.859
37460.8 184.125
37686.5 182.287
37912.1 180.342
38137.8 178.292
38363.5 176.133
38589.1 173.866
38814.8 171.494
39040.5 169.021
39266.1 166.453
39491.8 163.794
39717.5 161.049
39943.1 158.224
40168.8 155.323
40394.5 152.352
40620.1 149.315
40845.8 146.217
41071.5 143.064
41297.1 139.861
41522.8 136.611
41748.5 133.322
41974.1 129.996
42199.8 126.641
42425.5 123.259
42651.2 119.857
42876.8 116.44
43102.5 113.012
43328.2 109.578
43553.8 106.144
43779.5 102.715
44005.2 99.2947
44230.8 95.8892
44456.5 92.5031
44682.2 89.1415
44907.8 85.8095
45133.5 82.5119
45359.2 79.2539
45584.8 76.0404
45810.5 72.8763
46036.2 69.7668
46261.8 66.7169
46487.5 63.7314
46713.2 60.8155
46938.8 57.9741
47164.5 55.2123
47390.2 52.535
47615.8 49.9473
47841.5 47.4541
48067.2 45.0605
48292.8 42.7714
48518.5 40.5919
48744.2 38.527
48969.8 36.5816
49195.5 34.7608
49421.2 33.0696
49646.8 31.5129
49872.5 30.0959
50098.2 28.8234
50323.8 27.7006
50549.5 26.7323
50775.2 25.9236
51000.8 25.2796
51226.5 24.8051
51452.2 24.504
51677.9 24.3731
51903.5 24.4066
52129.2 24.599
52354.9 24.9445
52580.5 25.4376
52806.2 26.0725
53031.9 26.8436
53257.5 27.7453
53483.2 28.7719
53708.9 29.9176
53934.5 31.177
54160.2 32.5443
54385.9 34.0139
54611.5 35.58
54837.2 37.2372
55062.9 38.9796
55288.5 40.8016
55514.2 42.6977
55739.9 44.6621
55965.5 46.6891
56191.2 48.7732
56416.9 50.9086
56642.5 53.0897
56868.2 55.3109
57093.9 57.5665
57319.5 59.8508
57545.2 62.1581
57770.9 64.4829
57996.5 66.8195
58222.2 69.1622
58447.9 71.5053
58673.5 73.8432
58899.2 76.1703
59124.9 78.4809
59350.5 80.7692
59576.2 83.0298
59801.9 85.2568
60027.5 87.4448
60253.2 89.5879
60478.9 91.6806
60704.5 93.7171
60930.2 95.6919
61155.9 97.5993
61381.6 99.4336
61607.2 101.189
61832.9 102.86
62058.6 104.441
62284.2 105.927
62509.9 107.311
62735.6 108.588
62961.2 109.752
63186.9 110.798
63412.6 111.721
63638.2 112.513
63863.9 113.17
64089.6 113.686
64315.2 114.058
64540.9 114.288
64766.6 114.38
64992.2 114.338
65217.9 114.166
65443.6 113.868
65669.2 113.447
65894.9 112.907
66120.6 112.252
66346.2 111.487
66571.9 110.614
66797.6 109.638
67023.2 108.562
67248.9 107.391
67474.6 106.128
67700.2 104.777
67925.9 103.342
68151.6 101.826
68377.2 100.234
68602.9 98.5699
68828.6 96.8365
69054.2 95.0381
69279.9 93.1786
69505.6 91.2619
69731.2 89.2917
69956.9 87.2718
70182.6 85.2063
70408.3 83.0987
70633.9 80.9531
70859.6 78.7733
71085.3 76.563
71310.9 74.3261
71536.6 72.0665
71762.3 69.788
71987.9 67.4944
72213.6 65.1896
72439.3 62.8774
72664.9 60.5617
72890.6 58.2462
73116.3 55.9349
73341.9 53.6315
73567.6 51.3399
73793.3 49.064
74018.9 46.8075
74244.6 44.5744
74470.3 42.3684
74695.9 40.1933
74921.6 38.0532
75147.3 35.9516
75372.9 33.8926
75598.6 31.8799
75824.3 29.9174
76049.9 28.009
76275.6 26.1583
76501.3 24.3694
76726.9 22.646
76952.6 20.9919
77178.3 19.4091
77403.9 17.8963
77629.6 16.4522
77855.3 15.0753
78080.9 13.7644
78306.6 12.5179
78532.3 11.3346
78757.9 10.213
78983.6 9.15171
79209.3 8.14935
79434.9 7.20454
79660.6 6.31586
79886.3 5.48195
80112 4.70139
80337.6 3.97281
80563.3 3.2948
80789 2.66598
81014.6 2.08495
81240.3 1.55032
81466 1.0607
81691.6 0.614692
81917.3 0.210911
82143 -0.152039
82368.6 -0.47555
82594.3 -0.761015
82820 -1.00983
83045.6 -1.22337
83271.3 -1.40305
83497 -1.55025
83722.6 -1.66637
83948.3 -1.7528
84174 -1.81092
84399.6 -1.84214
84625.3 -1.84784
84851 -1.82941
85076.6 -1.78826
85302.3 -1.72577
85528 -1.64333
85753.6 -1.54234
85979.3 -1.42418
86205 -1.29026
86430.6 -1.14196
86656.3 -0.980672
86882 -0.807794
87107.6 -0.624717
87333.3 -0.432832
87559 -0.233531
87784.6 -0.0282076
88010.3 0.181746
88236 0.394939
88461.6 0.609977
88687.3 0.825469
88913 1.04002
89138.6 1.25225
89364.3 1.46074
89590 1.66413
89815.7 1.86105
90041.3 2.05093
90267 2.23388
90492.7 2.41002
90718.3 2.57948
90944 2.74238
91169.7 2.89884
91395.3 3.04899
91621 3.19295
91846.7 3.33085
92072.3 3.46281
92298 3.58896
92523.7 3.70942
92749.3 3.82432
92975 3.93377
93200.7 4.03791
93426.3 4.13686
93652 4.23074
93877.7 4.31967
94103.3 4.40379
94329 4.48322
94554.7 4.55807
94780.3 4.62848
95006 4.69457
95231.7 4.75646
95457.3 4.81428
95683 4.86816
95908.7 4.91821
96134.3 4.96456
96360 5.00733
96585.7 5.04666
96811.3 5.08266
97037 5.11546
97262.7 5.14519
97488.3 5.17196
97714 5.1959
97939.7 5.21714
98165.3 5.2358
98391 5.25201
98616.7 5.26589
98842.4 5.27756
99068 5.28714
99293.7 5.29478
99519.4 5.30058
99745 5.30467
99970.7 5.30717
100196 5.30822
100422 5.30793
100648 5.30643
100873 5.30385
101099 5.3003
101325 5.29592
101550 5.29082
101776 5.28514
102002 5.27899
102227 5.2725
102453 5.26579
102679 5.25899
102904 5.25212
103130 5.24519
103356 5.2382
103581 5.23115
103807 5.22405
104033 5.21688
104258 5.20966
104484 5.20239
104710 5.19506
104935 5.18768
105161 5.18025
105387 5.17277
105612 5.16524
105838 5.15766
106064 5.15003
106289 5.14236
106515 5.13465
106741 5.12689
106966 5.11909
107192 5.11124
107418 5.10336
107643 5.09544
107869 5.08748
108095 5.07948
108320 5.07145
108546 5.06338
108772 5.05528
108997 5.04715
109223 5.03898
109449 5.03079
109674 5.02256
109900 5.01431
110126 5.00603
110351 4.99773
110577 4.9894
110803 4.98105
111028 4.97268
111254 4.96428
111480 4.95587
111705 4.94743
111931 4.93898
112157 4.93051
112382 4.92203
112608 4.91353
112834 4.90502
113059 4.89649
113285 4.88796
113511 4.87941
113736 4.87086
113962 4.86229
114188 4.85372
114413 4.84515
114639 4.83657
114865 4.82799
115090 4.8194
115316 4.81082