0 692.624
6.66145 693.832
13.3229 695.043
19.9843 696.258
26.6458 697.479
33.3072 698.709
39.9687 699.95
46.6301 701.203
53.2916 702.472
59.953 703.758
66.6145 705.064
73.2759 706.391
79.9374 707.742
86.5988 709.119
93.2603 710.523
99.9217 711.959
106.583 713.426
113.245 714.928
119.906 716.467
126.568 718.045
133.229 719.664
139.89 721.326
146.552 723.033
153.213 724.788
159.875 726.592
166.536 728.449
173.198 730.359
179.859 732.326
186.521 734.35
193.182 736.43
199.843 738.565
206.505 740.753
213.166 742.992
219.828 745.281
226.489 747.619
233.151 750.002
239.812 752.43
246.474 754.902
253.135 757.415
259.796 759.967
266.458 762.558
273.119 765.186
279.781 767.848
286.442 770.544
293.104 773.271
299.765 776.028
306.427 778.813
313.088 781.626
319.75 784.463
326.411 787.323
333.072 790.206
339.734 793.108
346.395 796.029
353.057 798.967
359.718 801.919
366.38 804.886
373.041 807.866
379.703 810.857
386.364 813.861
393.025 816.874
399.687 819.898
406.348 822.931
413.01 825.972
419.671 829.021
426.333 832.077
432.994 835.138
439.656 838.205
446.317 841.277
452.978 844.352
459.64 847.431
466.301 850.512
472.963 853.594
479.624 856.677
486.286 859.76
492.947 862.842
499.609 865.922
506.27 869.001
512.932 872.076
519.593 875.147
526.254 878.214
532.916 881.276
539.577 884.331
546.239 887.38
552.9 890.424
559.562 893.464
566.223 896.501
572.885 899.536
579.546 902.57
586.207 905.605
592.869 908.641
599.53 911.679
606.192 914.721
612.853 917.768
619.515 920.82
626.176 923.88
632.838 926.947
639.499 930.023
646.16 933.11
652.822 936.207
659.483 939.317
666.145 942.441
672.806 945.579
679.468 948.733
686.129 951.903
692.791 955.091
699.452 958.299
706.114 961.526
712.775 964.774
719.436 968.045
726.098 971.339
732.759 974.656
739.421 977.998
746.082 981.365
752.744 984.759
759.405 988.178
766.067 991.625
772.728 995.1
779.389 998.603
786.051 1002.14
792.712 1005.7
799.374 1009.29
806.035 1012.92
812.697 1016.57
819.358 1020.26
826.02 1023.98
832.681 1027.74
839.342 1031.53
846.004 1035.36
852.665 1039.22
859.327 1043.12
865.988 1047.05
872.65 1051.03
879.311 1055.04
885.973 1059.09
892.634 1063.19
899.295 1067.32
905.957 1071.49
912.618 1075.7
919.28 1079.95
925.941 1084.24
932.603 1088.56
939.264 1092.91
945.926 1097.29
952.587 1101.7
959.249 1106.14
965.91 1110.61
972.571 1115.1
979.233 1119.62
985.894 1124.15
992.556 1128.71
999.217 1133.28
1005.88 1137.88
1012.54 1142.48
1019.2 1147.11
1025.86 1151.74
1032.52 1156.38
1039.19 1161.04
1045.85 1165.7
1052.51 1170.37
1059.17 1175.04
1065.83 1179.72
1072.49 1184.4
1079.15 1189.07
1085.82 1193.75
1092.48 1198.42
1099.14 1203.1
1105.8 1207.76
1112.46 1212.42
1119.12 1217.08
1125.78 1221.73
1132.45 1226.37
1139.11 1231
1145.77 1235.62
1152.43 1240.22
1159.09 1244.82
1165.75 1249.4
1172.41 1253.97
1179.08 1258.52
1185.74 1263.06
1192.4 1267.57
1199.06 1272.07
1205.72 1276.55
1212.38 1281.01
1219.05 1285.45
1225.71 1289.86
1232.37 1294.25
1239.03 1298.62
1245.69 1302.95
1252.35 1307.27
1259.01 1311.55
1265.68 1315.81
1272.34 1320.04
1279 1324.24
1285.66 1328.42
1292.32 1332.58
1298.98 1336.72
1305.64 1340.83
1312.31 1344.93
1318.97 1349.01
1325.63 1353.07
1332.29 1357.12
1338.95 1361.15
1345.61 1365.17
1352.27 1369.18
1358.94 1373.18
1365.6 1377.17
1372.26 1381.14
1378.92 1385.12
1385.58 1389.08
1392.24 1393.04
1398.9 1397
1405.57 1400.95
1412.23 1404.9
1418.89 1408.86
1425.55 1412.81
1432.21 1416.77
1438.87 1420.73
1445.53 1424.69
1452.2 1428.66
1458.86 1432.65
1465.52 1436.64
1472.18 1440.65
1478.84 1444.68
1485.5 1448.72
1492.16 1452.79
1498.83 1456.88
1505.49 1461
1512.15 1465.14
1518.81 1469.32
1525.47 1473.53
1532.13 1477.77
1538.79 1482.06
1545.46 1486.38
1552.12 1490.74
1558.78 1495.15
1565.44 1499.61
1572.1 1504.11
1578.76 1508.67
1585.42 1513.27
1592.09 1517.94
1598.75 1522.66
1605.41 1527.45
1612.07 1532.29
1618.73 1537.2
1625.39 1542.17
1632.05 1547.18
1638.72 1552.24
1645.38 1557.33
1652.04 1562.44
1658.7 1567.57
1665.36 1572.7
1672.02 1577.83
1678.68 1582.95
1685.35 1588.06
1692.01 1593.13
1698.67 1598.17
1705.33 1603.17
1711.99 1608.12
1718.65 1613
1725.32 1617.82
1731.98 1622.56
1738.64 1627.21
1745.3 1631.77
1751.96 1636.23
1758.62 1640.57
1765.28 1644.8
1771.95 1648.9
1778.61 1652.86
1785.27 1656.68
1791.93 1660.35
1798.59 1663.85
1805.25 1667.21
1811.91 1670.42
1818.58 1673.49
1825.24 1676.42
1831.9 1679.24
1838.56 1681.94
1845.22 1684.52
1851.88 1687.01
1858.54 1689.4
1865.21 1691.7
1871.87 1693.93
1878.53 1696.08
1885.19 1698.16
1891.85 1700.18
1898.51 1702.16
1905.17 1704.09
1911.84 1705.98
1918.5 1707.84
1925.16 1709.68
1931.82 1711.51
1938.48 1713.33
1945.14 1715.15
1951.8 1716.97
1958.47 1718.81
1965.13 1720.67
1971.79 1722.56
1978.45 1724.48
1985.11 1726.44
1991.77 1728.43
1998.43 1730.46
2005.1 1732.52
2011.76 1734.62
2018.42 1736.75
2025.08 1738.92
2031.74 1741.13
2038.4 1743.37
2045.06 1745.64
2051.73 1747.96
2058.39 1750.31
2065.05 1752.69
2071.71 1755.12
2078.37 1757.57
2085.03 1760.07
2091.69 1762.6
2098.36 1765.17
2105.02 1767.78
2111.68 1770.42
2118.34 1773.1
2125 1775.82
2131.66 1778.58
2138.32 1781.37
2144.99 1784.2
2151.65 1787.07
2158.31 1789.98
2164.97 1792.93
2171.63 1795.92
2178.29 1798.96
2184.95 1802.04
2191.62 1805.18
2198.28 1808.37
2204.94 1811.61
2211.6 1814.91
2218.26 1818.27
2224.92 1821.69
2231.59 1825.18
2238.25 1828.73
2244.91 1832.35
2251.57 1836.04
2258.23 1839.81
2264.89 1843.65
2271.55 1847.57
2278.22 1851.57
2284.88 1855.65
2291.54 1859.82
2298.2 1864.07
2304.86 1868.41
2311.52 1872.85
2318.18 1877.38
2324.85 1882
2331.51 1886.73
2338.17 1891.55
2344.83 1896.45
2351.49 1901.44
2358.15 1906.49
2364.81 1911.59
2371.48 1916.74
2378.14 1921.93
2384.8 1927.15
2391.46 1932.38
2398.12 1937.61
2404.78 1942.84
2411.44 1948.06
2418.11 1953.25
2424.77 1958.41
2431.43 1963.52
2438.09 1968.58
2444.75 1973.57
2451.41 1978.49
2458.07 1983.32
2464.74 1988.05
2471.4 1992.69
2478.06 1997.2
2484.72 2001.59
2491.38 2005.85
2498.04 2009.96
2504.7 2013.91
2511.37 2017.7
2518.03 2021.32
2524.69 2024.79
2531.35 2028.12
2538.01 2031.32
2544.67 2034.39
2551.33 2037.36
2558 2040.23
2564.66 2043.02
2571.32 2045.74
2577.98 2048.39
2584.64 2050.99
2591.3 2053.56
2597.96 2056.1
2604.63 2058.62
2611.29 2061.14
2617.95 2063.66
2624.61 2066.21
2631.27 2068.79
2637.93 2071.41
2644.59 2074.08
2651.26 2076.82
2657.92 2079.64
2664.58 2082.55
2671.24 2085.55
2677.9 2088.67
2684.56 2091.91
2691.23 2095.29
2697.89 2098.81
2704.55 2102.45
2711.21 2106.23
2717.87 2110.13
2724.53 2114.14
2731.19 2118.27
2737.86 2122.51
2744.52 2126.85
2751.18 2131.29
2757.84 2135.83
2764.5 2140.45
2771.16 2145.16
2777.82 2149.95
2784.49 2154.82
2791.15 2159.76
2797.81 2164.76
2804.47 2169.82
2811.13 2174.94
2817.79 2180.12
2824.45 2185.34
2831.12 2190.6
2837.78 2195.89
2844.44 2201.23
2851.1 2206.58
2857.76 2211.97
2864.42 2217.37
2871.08 2222.78
2877.75 2228.2
2884.41 2233.61
2891.07 2239.01
2897.73 2244.38
2904.39 2249.72
2911.05 2255.02
2917.71 2260.26
2924.38 2265.43
2931.04 2270.53
2937.7 2275.55
2944.36 2280.47
2951.02 2285.29
2957.68 2289.99
2964.34 2294.57
2971.01 2299.01
2977.67 2303.31
2984.33 2307.45
2990.99 2311.43
2997.65 2315.23
3004.31 2318.85
3010.97 2322.28
3017.64 2325.5
3024.3 2328.51
3030.96 2331.29
3037.62 2333.84
3044.28 2336.14
3050.94 2338.19
3057.6 2340
3064.27 2341.56
3070.93 2342.91
3077.59 2344.04
3084.25 2344.97
3090.91 2345.72
3097.57 2346.28
3104.23 2346.69
3110.9 2346.94
3117.56 2347.04
3124.22 2347.02
3130.88 2346.89
3137.54 2346.64
3144.2 2346.3
3150.86 2345.88
3157.53 2345.39
3164.19 2344.84
3170.85 2344.24
3177.51 2343.61
3184.17 2342.95
3190.83 2342.29
3197.5 2341.62
3204.16 2340.96
3210.82 2340.33
3217.48 2339.74
3224.14 2339.19
3230.8 2338.7
3237.46 2338.26
3244.13 2337.89
3250.79 2337.56
3257.45 2337.29
3264.11 2337.07
3270.77 2336.89
3277.43 2336.76
3284.09 2336.67
3290.76 2336.62
3297.42 2336.61
3304.08 2336.64
3310.74 2336.7
3317.4 2336.79
3324.06 2336.91
3330.72 2337.06
3337.39 2337.23
3344.05 2337.42
3350.71 2337.64
3357.37 2337.87
3364.03 2338.12
3370.69 2338.38
3377.35 2338.65
3384.02 2338.93
3390.68 2339.22
3397.34 2339.51
3404 2339.81