0 68.3907
225.667 60.1424
451.335 52.1492
677.002 44.6661
902.67 37.9482
1128.34 32.2506
1354 27.779
1579.67 24.4173
1805.34 21.9196
2031.01 20.0398
2256.67 18.5318
2482.34 17.164
2708.01 15.8695
2933.68 14.6843
3159.34 13.6461
3385.01 12.7926
3610.68 12.1589
3836.35 11.7233
4062.01 11.4096
4287.68 11.1395
4513.35 10.8345
4739.02 10.418
4964.68 9.90156
5190.35 9.42629
5416.02 9.14374
5641.69 9.2054
5867.35 9.76237
6093.02 10.8675
6318.69 12.3495
6544.36 14.0059
6770.02 15.6341
6995.69 17.0318
7221.36 18.0521
7447.03 18.7514
7672.69 19.2328
7898.36 19.599
8124.03 19.953
8349.7 20.3752
8575.36 20.8119
8801.03 21.16
9026.7 21.3165
9252.37 21.1781
9478.03 20.6615
9703.7 19.8827
9929.37 19.0731
10155 18.4653
10380.7 18.2921
10606.4 18.7728
10832 19.873
11057.7 21.3336
11283.4 22.8873
11509 24.2669
11734.7 25.2083
11960.4 25.5707
12186 25.3809
12411.7 24.6779
12637.4 23.5003
12863 21.8882
13088.7 20.0858
13314.4 18.7652
13540 18.6524
13765.7 20.4735
13991.4 24.9545
14217.1 32.4199
14442.7 41.8551
14668.4 51.966
14894.1 61.459
15119.7 69.0402
15345.4 73.7365
15571.1 76.3159
15796.7 78.1341
16022.4 80.5469
16248.1 84.9105
16473.7 92.387
16699.4 102.377
16925.1 113.341
17150.7 123.734
17376.4 132.007
17602.1 136.704
17827.7 137.875
18053.4 136.802
18279.1 134.805
18504.7 133.204
18730.4 133.293
18956.1 135.488
19181.7 139.099
19407.4 143.37
19633.1 147.544
19858.7 150.866
20084.4 152.941
20310.1 154.066
20535.7 154.617
20761.4 154.971
20987.1 155.502
21212.7 156.442
21438.4 157.576
21664.1 158.606
21889.7 159.233
22115.4 159.159
22341.1 158.18
22566.7 156.564
22792.4 154.721
23018.1 153.063
23243.7 152.001
23469.4 151.893
23695.1 152.63
23920.8 153.879
24146.4 155.307
24372.1 156.578
24597.8 157.378
24823.4 157.69
25049.1 157.718
25274.8 157.674
25500.4 157.771
25726.1 158.215
25951.8 159.05
26177.4 160.136
26403.1 161.321
26628.8 162.453
26854.4 163.383
27080.1 164.106
27305.8 164.872
27531.4 165.961
27757.1 167.651
27982.8 170.219
28208.4 173.705
28434.1 177.478
28659.8 180.792
28885.4 182.902
29111.1 183.061
29336.8 180.772
29562.4 176.658
29788.1 171.66
30013.8 166.717
30239.4 162.77
30465.1 160.634
30690.8 160.205
30916.4 160.961
31142.1 162.379
31367.8 163.936
31593.4 165.13
31819.1 165.722
32044.8 165.659
32270.4 164.894
32496.1 163.376
32721.8 161.071
32947.5 158.312
33173.1 155.821
33398.8 154.343
33624.5 154.62
33850.1 157.385
34075.8 162.72
34301.5 169.634
34527.1 177.039
34752.8 183.846
34978.5 188.967
35204.1 191.685
35429.8 192.235
35655.5 191
35881.1 188.363
36106.8 184.708
36332.5 180.435
36558.1 176.017
36783.8 171.945
37009.5 168.709
37235.1 166.798
37460.8 166.607
37686.5 167.859
37912.1 170.005
38137.8 172.493
38363.5 174.772
38589.1 176.328
38814.8 177.081
39040.5 177.23
39266.1 176.98
39491.8 176.535
39717.5 176.091
39943.1 175.674
40168.8 175.144
40394.5 174.351
40620.1 173.146
40845.8 171.385
41071.5 169.156
41297.1 166.901
41522.8 165.09
41748.5 164.192
41974.1 164.679
42199.8 166.801
42425.5 170.296
42651.2 174.83
42876.8 180.068
43102.5 185.674
43328.2 191.247
43553.8 196.127
43779.5 199.596
44005.2 200.934
44230.8 199.424
44456.5 194.489
44682.2 186.442
44907.8 175.928
45133.5 163.594
45359.2 150.087
45584.8 136.049
45810.5 122.065
46036.2 108.689
46261.8 96.4731
46487.5 85.9688
46713.2 77.7042
46938.8 71.7281
47164.5 67.6522
47390.2 65.0725
47615.8 63.5846
47841.5 62.7852
48067.2 62.3017
48292.8 61.8041
48518.5 60.966
48744.2 59.4607
48969.8 56.9628
49195.5 53.3358
49421.2 48.8512
49646.8 43.8336
49872.5 38.6076
50098.2 33.4977
50323.8 28.8585
50549.5 25.1475
50775.2 22.8442
51000.8 22.4283
51226.5 24.3794
51452.2 29.0235
51677.9 35.8282
51903.5 43.9626
52129.2 52.5952
52354.9 60.8948
52580.5 68.0851
52806.2 73.9075
53031.9 78.3869
53257.5 81.5511
53483.2 83.4279
53708.9 84.0472
53934.5 83.4783
54160.2 81.8229
54385.9 79.1841
54611.5 75.6648
54837.2 71.3734
55062.9 66.6274
55288.5 62.0134
55514.2 58.1351
55739.9 55.5968
55965.5 54.9987
56191.2 56.4618
56416.9 59.1558
56642.5 62.1387
56868.2 64.4684
57093.9 65.2029
57319.5 63.8137
57545.2 61.0722
57770.9 58.0045
57996.5 55.6367
58222.2 54.995
58447.9 56.8193
58673.5 60.389
58899.2 64.5195
59124.9 68.0256
59350.5 69.7221
59576.2 68.5942
59801.9 65.0713
60027.5 60.3109
60253.2 55.4765
60478.9 51.7311
60704.5 50.1721
60930.2 50.8919
61155.9 53.2013
61381.6 56.3905
61607.2 59.7497
61832.9 62.5872
62058.6 64.7886
62284.2 66.925
62509.9 69.6074
62735.6 73.4467
62961.2 79.0482
63186.9 86.4631
63412.6 94.7312
63638.2 102.785
63863.9 109.556
64089.6 113.978
64315.2 115.357
64540.9 114.072
64766.6 110.696
64992.2 105.801
65217.9 99.9584
65443.6 93.6561
65669.2 86.9869
65894.9 79.9293
66120.6 72.4616
66346.2 64.5622
66571.9 56.268
66797.6 48.0675
67023.2 40.6582
67248.9 34.7387
67474.6 31.0078
67700.2 30.0926
67925.9 31.6519
68151.6 34.6495
68377.2 38.0335
68602.9 40.7525
68828.6 41.7819
69054.2 40.8381
69279.9 38.4503
69505.6 35.1889
69731.2 31.6245
69956.9 28.3241
70182.6 25.5839
70408.3 23.2449
70633.9 21.1045
70859.6 18.9602
71085.3 16.6094
71310.9 13.9538
71536.6 11.1688
71762.3 8.47414
71987.9 6.08991
72213.6 4.23602
72439.3 3.06742
72664.9 2.46301
72890.6 2.22831
73116.3 2.16886
73341.9 2.0902
73567.6 1.8278
73793.3 1.42587
74018.9 1.01751
74244.6 0.736124
74470.3 0.715153
74695.9 1.08088
74921.6 1.87355
75147.3 3.07636
75372.9 4.6715
75598.6 6.64116
75824.3 8.96532
76049.9 11.5725
76275.6 14.3388
76501.3 17.1383
76726.9 19.8449
76952.6 22.3331
77178.3 24.5152
77403.9 26.3621
77629.6 27.8496
77855.3 28.9537
78080.9 29.6503
78306.6 29.9485
78532.3 29.9373
78757.9 29.7176
78983.6 29.3903
79209.3 29.0563
79434.9 28.7618
79660.6 28.341
79886.3 27.5767
80112 26.2517
80337.6 24.1488
80563.3 21.1171
80789 17.426
81014.6 13.5091
81240.3 9.80043
81466 6.73399
81691.6 4.70435
81917.3 3.67983
82143 3.36824
82368.6 3.47367
82594.3 3.70019
82820 3.76182
83045.6 3.57664
83271.3 3.25371
83497 2.90944
83722.6 2.66025
83948.3 2.62069
84174 2.81369
84399.6 3.13119
84625.3 3.45506
84851 3.66718
85076.6 3.6498
85302.3 3.3662
85528 2.95934
85753.6 2.59635
85979.3 2.44438
86205 2.67054
86430.6 3.3647
86656.3 4.34291
86882 5.36057
87107.6 6.1731
87333.3 6.5359
87559 6.25736
87784.6 5.45162
88010.3 4.34229
88236 3.15311
88461.6 2.10782
88687.3 1.41159
88913 1.08879
89138.6 1.06199
89364.3 1.25261
89590 1.58207
89815.7 1.97312
90041.3 2.37223
90267 2.74634
90492.7 3.06312
90718.3 3.29019
90944 3.39582
91169.7 3.37334
91395.3 3.24917
91621 3.05197
91846.7 2.81043
92072.3 2.55319
92298 2.30321
92523.7 2.07193
92749.3 1.86936
92975 1.70552
93200.7 1.59043
93426.3 1.53081
93652 1.52269
93877.7 1.55997
94103.3 1.63654
94329 1.74626
94554.7 1.87959
94780.3 2.00875
95006 2.10002
95231.7 2.11969
95457.3 2.03404
95683 1.81928
95908.7 1.53884
96134.3 1.30138
96360 1.21594
96585.7 1.39156
96811.3 1.92832
97037 2.78445
97262.7 3.80484
97488.3 4.83121
97714 5.70528
97939.7 6.27174
98165.3 6.47494
98391 6.38078
98616.7 6.0625
98842.4 5.59334
99068 5.04641
99293.7 4.47706
99519.4 3.90739
99745 3.35587
99970.7 2.84094
100196 2.38106
100422 1.99751
100648 1.72001
100873 1.57981
101099 1.60817
101325 1.83634
101550 2.28212
101776 2.89872
102002 3.61999
102227 4.3798
102453 5.11198
102679 5.7589
102904 6.33038
103130 6.86844
103356 7.41528
103581 8.01311
103807 8.70173
104033 9.48684
104258 10.349
104484 11.2683
104710 12.2246
104935 13.1978
105161 14.1636
105387 15.0926
105612 15.9556
105838 16.7229
106064 17.3649
106289 17.8244
106515 17.9966
106741 17.7724
106966 17.0423
107192 15.6973
107418 13.743
107643 11.496
107869 9.32561
108095 7.60076
108320 6.69056
108546 6.85333
108772 7.86222
108997 9.35758
109223 10.9797
109449 12.369
109674 13.2175
109900 13.5889
110126 13.7102
110351 13.8088
110577 14.1125
110803 14.8234
111028 15.8297
111254 16.805
111480 17.419
111705 17.3414
111931 16.2559
112157 14.1931
112382 11.5443
112608 8.71775
112834 6.1217
113059 4.16099
113285 3.0238
113511 2.55329
113736 2.5618
113962 2.8617
114188 3.26548
114413 3.63682
114639 3.96665
114865 4.26533
115090 4.54326
115316 4.54326