0 30.5076
48.7775 30.8462
146.332 31.0451
292.665 33.5138
487.775 34.7224
731.662 40.3288
1024.33 43.5605
1365.77 42.3701
1755.99 42.8702
2146.21 40.5657
2633.98 38.3738
3121.76 40.1881
3658.31 42.2871
4243.64 36.0759
4828.97 35.1246
5463.08 39.3376
6097.19 49.4188
6828.85 47.3047
7511.73 48.0796
8243.4 64.7751
8975.06 60.0765
9755.5 72.4993
10535.9 68.4008
11267.6 71.716
12048 56
12877.3 61.2559
13657.7 61.7948
14389.4 70.3043
15169.8 66.2341
15950.2 70.2075
16681.9 75.1479
17413.6 71.404
18096.4 81.1004
18828.1 92.0982
19462.2 96.4592
20096.3 88
20681.7 91.7511
21267 83
21803.5 89.6291
22291.3 68.9973
22779.1 81.9742
23169.3 78.1927
23559.5 74.7091
23901 87.3126
24193.6 86.2416
24437.5 86.8006
24632.6 91.7938
24779 94.5823
24876.5 96.6592
24925.3 97.0097