0 68.3907
225.667 62.5766
451.335 56.8176
677.002 51.1689
902.67 45.6856
1128.34 40.4228
1354 35.4357
1579.67 30.7793
1805.34 26.5088
2031.01 22.6794
2256.67 19.3461
2482.34 16.5608
2708.01 14.321
2933.68 12.5788
3159.34 11.2851
3385.01 10.3906
3610.68 9.84613
3836.35 9.60257
4062.01 9.6107
4287.68 9.82134
4513.35 10.1853
4739.02 10.6534
4964.68 11.1859
5190.35 11.7675
5416.02 12.387
5641.69 13.0331
5867.35 13.6947
6093.02 14.3605
6318.69 15.0193
6544.36 15.6597
6770.02 16.2707
6995.69 16.8409
7221.36 17.3606
7447.03 17.8342
7672.69 18.2742
7898.36 18.6932
8124.03 19.1038
8349.7 19.5187
8575.36 19.9504
8801.03 20.4116
9026.7 20.9148
9252.37 21.4727
9478.03 22.0976
9703.7 22.7837
9929.37 23.4928
10155 24.1835
10380.7 24.8145
10606.4 25.3443
10832 25.7316
11057.7 25.9349
11283.4 25.9129
11509 25.6241
11734.7 25.0272
11960.4 24.1019
12186 22.9589
12411.7 21.7584
12637.4 20.6609
12863 19.827
13088.7 19.4171
13314.4 19.5918
13540 20.5113
13765.7 22.3364
13991.4 25.2274
14217.1 29.3398
14442.7 34.6641
14668.4 40.9918
14894.1 48.1026
15119.7 55.7763
15345.4 63.7926
15571.1 71.9312
15796.7 79.9718
16022.4 87.6941
16248.1 94.8779
16473.7 101.303
16699.4 106.805
16925.1 111.448
17150.7 115.352
17376.4 118.636
17602.1 121.419
17827.7 123.822
18053.4 125.965
18279.1 127.967
18504.7 129.948
18730.4 132.027
18956.1 134.319
19181.7 136.835
19407.4 139.504
19633.1 142.251
19858.7 145
20084.4 147.678
20310.1 150.21
20535.7 152.52
20761.4 154.535
20987.1 156.18
21212.7 157.38
21438.4 158.095
21664.1 158.38
21889.7 158.304
22115.4 157.935
22341.1 157.341
22566.7 156.593
22792.4 155.757
23018.1 154.904
23243.7 154.102
23469.4 153.42
23695.1 152.922
23920.8 152.626
24146.4 152.524
24372.1 152.609
24597.8 152.872
24823.4 153.306
25049.1 153.903
25274.8 154.654
25500.4 155.552
25726.1 156.588
25951.8 157.755
26177.4 159.036
26403.1 160.4
26628.8 161.814
26854.4 163.245
27080.1 164.661
27305.8 166.029
27531.4 167.316
27757.1 168.489
27982.8 169.516
28208.4 170.364
28434.1 171.003
28659.8 171.428
28885.4 171.638
29111.1 171.635
29336.8 171.42
29562.4 170.994
29788.1 170.359
30013.8 169.516
30239.4 168.466
30465.1 167.209
30690.8 165.75
30916.4 164.142
31142.1 162.498
31367.8 160.937
31593.4 159.578
31819.1 158.539
32044.8 157.938
32270.4 157.892
32496.1 158.522
32721.8 159.944
32947.5 162.277
33173.1 165.578
33398.8 169.656
33624.5 174.262
33850.1 179.144
34075.8 184.051
34301.5 188.732
34527.1 192.936
34752.8 196.412
34978.5 198.909
35204.1 200.175
35429.8 199.977
35655.5 198.353
35881.1 195.571
36106.8 191.904
36332.5 187.627
36558.1 183.014
36783.8 178.337
37009.5 173.872
37235.1 169.892
37460.8 166.671
37686.5 164.483
37912.1 163.488
38137.8 163.546
38363.5 164.471
38589.1 166.076
38814.8 168.172
39040.5 170.574
39266.1 173.093
39491.8 175.543
39717.5 177.735
39943.1 179.484
40168.8 180.62
40394.5 181.148
40620.1 181.176
40845.8 180.809
41071.5 180.156
41297.1 179.324
41522.8 178.42
41748.5 177.551
41974.1 176.824
42199.8 176.346
42425.5 176.224
42651.2 176.461
42876.8 176.88
43102.5 177.285
43328.2 177.481
43553.8 177.271
43779.5 176.461
44005.2 174.855
44230.8 172.258
44456.5 168.472
44682.2 163.305
44907.8 156.61
45133.5 148.567
45359.2 139.476
45584.8 129.636
45810.5 119.348
46036.2 108.913
46261.8 98.63
46487.5 88.8005
46713.2 79.7243
46938.8 71.702
47164.5 65.0271
47390.2 59.7733
47615.8 55.7488
47841.5 52.7463
48067.2 50.5583
48292.8 48.9774
48518.5 47.796
48744.2 46.8068
48969.8 45.8024
49195.5 44.5752
49421.2 42.9178
49646.8 40.6907
49872.5 38.0258
50098.2 35.1231
50323.8 32.1825
50549.5 29.4038
50775.2 26.9869
51000.8 25.1317
51226.5 24.038
51452.2 23.9059
51677.9 24.9351
51903.5 27.311
52129.2 30.9748
52354.9 35.6648
52580.5 41.1133
52806.2 47.0527
53031.9 53.2153
53257.5 59.3333
53483.2 65.139
53708.9 70.3648
53934.5 74.743
54160.2 78.0061
54385.9 79.9994
54611.5 80.8646
54837.2 80.7913
55062.9 79.9688
55288.5 78.587
55514.2 76.8352
55739.9 74.9031
55965.5 72.9802
56191.2 71.256
56416.9 69.9203
56642.5 69.1434
56868.2 68.909
57093.9 69.0947
57319.5 69.5768
57545.2 70.2318
57770.9 70.9358
57996.5 71.5653
58222.2 71.9967
58447.9 72.1061
58673.5 71.7701
58899.2 70.8661
59124.9 69.3721
59350.5 67.4428
59576.2 65.2513
59801.9 62.9704
60027.5 60.773
60253.2 58.8321
60478.9 57.3204
60704.5 56.411
60930.2 56.2767
61155.9 57.0903
61381.6 58.985
61607.2 61.8472
61832.9 65.4697
62058.6 69.6449
62284.2 74.1653
62509.9 78.8235
62735.6 83.4119
62961.2 87.7229
63186.9 91.5492
63412.6 94.6832
63638.2 96.9211
63863.9 98.1839
64089.6 98.5423
64315.2 98.0764
64540.9 96.8659
64766.6 94.9909
64992.2 92.531
65217.9 89.5663
65443.6 86.1766
65669.2 82.4417
65894.9 78.4417
66120.6 74.2532
66346.2 69.9412
66571.9 65.5674
66797.6 61.1936
67023.2 56.8816
67248.9 52.6932
67474.6 48.6903
67700.2 44.9345
67925.9 41.4878
68151.6 38.4118
68377.2 35.7644
68602.9 33.5361
68828.6 31.6617
69054.2 30.074
69279.9 28.7061
69505.6 27.491
69731.2 26.3618
69956.9 25.2514
70182.6 24.0928
70408.3 22.8191
70633.9 21.3632
70859.6 19.6898
71085.3 17.8459
71310.9 15.8919
71536.6 13.8882
71762.3 11.8953
71987.9 9.97357
72213.6 8.18348
72439.3 6.58545
72664.9 5.23991
72890.6 4.20727
73116.3 3.5425
73341.9 3.24674
73567.6 3.29057
73793.3 3.64424
74018.9 4.27801
74244.6 5.16211
74470.3 6.2668
74695.9 7.56231
74921.6 9.0189
75147.3 10.6068
75372.9 12.2963
75598.6 14.0574
75824.3 15.8602
76049.9 17.6744
76275.6 19.47
76501.3 21.2169
76726.9 22.8849
76952.6 24.444
77178.3 25.864
77403.9 27.1147
77629.6 28.1662
77855.3 28.9908
78080.9 29.576
78306.6 29.9154
78532.3 30.0025
78757.9 29.8307
78983.6 29.3934
79209.3 28.6842
79434.9 27.6965
79660.6 26.4239
79886.3 24.8597
80112 22.9985
80337.6 20.8691
80563.3 18.5415
80789 16.0884
81014.6 13.5822
81240.3 11.0957
81466 8.70117
81691.6 6.47134
81917.3 4.47873
82143 2.79589
82368.6 1.49538
82594.3 0.627774
82820 0.155662
83045.6 0.0196576
83271.3 0.16037
83497 0.518408
83722.6 1.03438
83948.3 1.6489
84174 2.30257
84399.6 2.93601
84625.3 3.48982
84851 3.90723
85076.6 4.17532
85302.3 4.3176
85528 4.35867
85753.6 4.32313
85979.3 4.23557
86205 4.1206
86430.6 4.00282
86656.3 3.90683
86882 3.85723
87107.6 3.87859
87333.3 3.98429
87559 4.15827
87784.6 4.37972
88010.3 4.62782
88236 4.88176
88461.6 5.12072
88687.3 5.32388
88913 5.47044
89138.6 5.53956
89364.3 5.51045
89590 5.36492
89815.7 5.11083
90041.3 4.77081
90267 4.36764
90492.7 3.92412
90718.3 3.46303
90944 3.00717
91169.7 2.57933
91395.3 2.2023
91621 1.89887
91846.7 1.69168
92072.3 1.58983
92298 1.57858
92523.7 1.64075
92749.3 1.75919
92975 1.91672
93200.7 2.09618
93426.3 2.2804
93652 2.4522
93877.7 2.59443
94103.3 2.68991
94329 2.72433
94554.7 2.70092
94780.3 2.62963
95006 2.52041
95231.7 2.38321
95457.3 2.22798
95683 2.06468
95908.7 1.90325
96134.3 1.75366
96360 1.62585
96585.7 1.52959
96811.3 1.46823
97037 1.43745
97262.7 1.43245
97488.3 1.44845
97714 1.48063
97939.7 1.52422
98165.3 1.57442
98391 1.62643
98616.7 1.67547
98842.4 1.71674
99068 1.74752
99293.7 1.77342
99519.4 1.80211
99745 1.84127
99970.7 1.89858
100196 1.98172
100422 2.09837
100648 2.25621
100873 2.46291
101099 2.72615
101325 3.05311
101550 3.44246
101776 3.88581
102002 4.37455
102227 4.9001
102453 5.45385
102679 6.0272
102904 6.61155
103130 7.1983
103356 7.77887
103581 8.34463
103807 8.88606
104033 9.39118
104258 9.84761
104484 10.243
104710 10.5649
104935 10.8009
105161 10.9388
105387 10.9661
105612 10.8704
105838 10.6394
106064 10.264
106289 9.76758
106515 9.19212
106741 8.57973
106966 7.97251
107192 7.41258
107418 6.94206
107643 6.60308
107869 6.43773
108095 6.48815
108320 6.79604
108546 7.3676
108772 8.14648
108997 9.06995
109223 10.0753
109449 11.0997
109674 12.0806
109900 12.9552
110126 13.6607
110351 14.1344
110577 14.3136
110803 14.1482
111028 13.6652
111254 12.9215
111480 11.9737
111705 10.8786
111931 9.69292
112157 8.47342
112382 7.27684
112608 6.15992
112834 5.17941
113059 4.39104
113285 3.81653
113511 3.4367
113736 3.22992
113962 3.17456
114188 3.24899
114413 3.43157
114639 3.70067
114865 4.03467
115090 4.41193
115316 4.81082