0 692.624
69.4694 699.637
138.939 718.191
208.408 746.634
277.878 770.513
347.347 794.114
416.816 826.681
486.286 852.595
555.755 893.225
625.224 932.209
694.694 955.958
764.163 991.604
833.633 1021.9
903.102 1074.73
972.571 1133.52
1042.04 1170.96
1111.51 1215.64
1180.98 1264.91
1250.45 1308.4
1319.92 1357.94
1389.39 1396.07
1458.86 1435.66
1528.33 1477.42
1597.8 1522.51
1667.27 1566.33
1736.73 1616.1
1806.2 1665.39
1875.67 1690.43
1945.14 1712.28
2014.61 1734.12
2084.08 1759.69
2153.55 1786.31
2223.02 1825.37
2292.49 1863.79
2361.96 1898.79
2431.43 1950.11
2500.9 2003.12
2570.37 2057.14
2639.84 2071.9
2709.31 2107.79
2778.78 2156.87
2848.24 2208.38
2917.71 2259.63
2987.18 2306.56
3056.65 2336.33
3126.12 2340.96
3195.59 2335.23
3265.06 2344.32
3334.53 2355.2
3404 2339.81