0 30.5076
48.7775 -1.21712e+09
97.555 -5.26045e+08
146.332 4.76774e+08
195.11 1.18119e+09
243.887 1.4612e+09
292.665 1.39464e+09
341.442 1.11727e+09
390.22 7.54914e+08
438.997 3.98731e+08
487.775 1.0229e+08
536.552 -1.1182e+08
585.33 -2.4259e+08
634.107 -3.01706e+08
682.885 -3.06552e+08
731.662 -2.75383e+08
780.44 -2.2442e+08
829.217 -1.6646e+08
877.995 -1.10528e+08
926.772 -6.21611e+07
975.55 -2.4044e+07
1024.33 3.25911e+06
1073.1 2.05893e+07
1121.88 2.95854e+07
1170.66 3.22112e+07
1219.44 3.04225e+07
1268.21 2.59573e+07
1316.99 2.02266e+07
1365.77 1.4281e+07
1414.55 8.8266e+06
1463.32 4.27283e+06
1512.1 793307
1560.88 -1.60985e+06
1609.66 -3.04695e+06
1658.43 -3.69071e+06
1707.21 -3.7373e+06
1755.99 -3.37849e+06
1804.77 -2.78373e+06
1853.54 -2.0906e+06
1902.32 -1.40161e+06
1951.1 -785563
1999.88 -281753
2048.65 94303.4
2097.43 344734
2146.21 483447
2194.99 531029
2243.76 510637
2292.54 444952
2341.32 354137
2390.1 254677
2438.87 158926
2487.65 75183.3
2536.43 8126.1
2585.21 -40550.9
2633.98 -71409.6
2682.76 -86551.5
2731.54 -88969.9
2780.32 -82012
2829.09 -68964
2877.87 -52763.7
2926.65 -35825.9
2975.43 -19966.6
3024.2 -6402.32
3072.98 4196.2
3121.76 11615.6
3170.54 15995.1
3219.31 17718.6
3268.09 17314.2
3316.87 15368.2
3365.65 12456.5
3414.42 9095.5
3463.2 5710.87
3511.98 2622.77
3560.76 43.95
3609.53 -1912.09
3658.31 -3216.37
3707.09 -3906.01
3755.87 -4064.63
3804.64 -3803.63
3853.42 -3245.55
3902.2 -2510.63
3950.98 -1706.77
3999.75 -922.949
4048.53 -225.848
4097.31 340.799
4146.09 754.763
4194.86 1012.35
4243.64 1124.56
4292.42 1112.8
4341.2 1004.78
4389.97 830.689
4438.75 620.071
4487.53 399.404
4536.31 190.489
4585.08 9.55772
4633.86 -132.947
4682.64 -232.066
4731.42 -287.619
4780.19 -303.249
4828.97 -285.344
4877.75 -241.941
4926.53 -181.721
4975.3 -113.15
5024.08 -43.799
5072.86 20.12
5121.64 74.023
5170.41 115.035
5219.19 141.912
5267.97 154.852
5316.75 155.212
5365.52 145.188
5414.3 127.482
5463.08 104.99
5511.86 80.5232
5560.63 56.5916
5609.41 35.2437
5658.19 17.9746
5706.97 5.69221
5755.74 -1.26187
5804.52 -3.05036
5853.3 -0.247141
5902.08 6.27403
5950.85 15.4572
5999.63 26.1782
6048.41 37.3468
6097.19 47.9901
6145.96 57.3147
6194.74 64.7453
6243.52 69.94
6292.3 72.7852
6341.07 73.3735
6389.85 71.9675
6438.63 68.9565
6487.41 64.8079
6536.18 60.02
6584.96 55.0776
6633.74 50.4156
6682.52 46.3901
6731.29 43.26
6780.07 41.1784
6828.85 40.193
6877.63 40.2548
6926.4 41.2337
6975.18 42.938
7023.96 45.137
7072.74 47.5838
7121.51 50.0372
7170.29 52.2808
7219.07 54.138
7267.85 55.483
7316.62 56.2459
7365.4 56.4144
7414.18 56.0295
7462.96 55.1788
7511.73 53.9859
7560.51 52.5985
7609.29 51.1754
7658.07 49.8739
7706.84 48.8376
7755.62 48.187
7804.4 48.0114
7853.18 48.3643
7901.95 49.261
7950.73 50.6798
7999.51 52.5643
8048.29 54.8298
8097.06 57.3693
8145.84 60.0622
8194.62 62.7822
8243.4 65.406
8292.17 67.8207
8340.95 69.9303
8389.73 71.6609
8438.51 72.964
8487.28 73.818
8536.06 74.2279
8584.84 74.2238
8633.62 73.8571
8682.39 73.1963
8731.17 72.322
8779.95 71.3209
8828.73 70.2801
8877.5 69.2823
8926.28 68.4003
8975.06 67.6937
9023.84 67.2059
9072.61 66.9625
9121.39 66.9708
9170.17 67.2206
9218.95 67.6857
9267.72 68.327
9316.5 69.0952
9365.28 69.9348
9414.06 70.7879
9462.83 71.5983
9511.61 72.3144
9560.39 72.8928
9609.17 73.3003
9657.94 73.5159
9706.72 73.5312
9755.5 73.3509
9804.28 72.9917
9853.05 72.4807
9901.83 71.8541
9950.61 71.1539
9999.39 70.4259
10048.2 69.7162
10096.9 69.0693
10145.7 68.5249
10194.5 68.1161
10243.3 67.8676
10292.1 67.7946
10340.8 67.9023
10389.6 68.1858
10438.4 68.6304
10487.2 69.2132
10535.9 69.9041
10584.7 70.6676
10633.5 71.465
10682.3 72.2559
10731 73.0009
10779.8 73.6627
10828.6 74.2085
10877.4 74.6105
10926.2 74.8477
10974.9 74.9058
11023.7 74.7777
11072.5 74.4636
11121.3 73.9699
11170 73.3091
11218.8 72.4983
11267.6 71.5584
11316.4 70.5129
11365.2 69.3865
11413.9 68.204
11462.7 66.9898
11511.5 65.7666
11560.3 64.5547
11609 63.3721
11657.8 62.2341
11706.6 61.1528
11755.4 60.1381
11804.2 59.1975
11852.9 58.3364
11901.7 57.5588
11950.5 56.8676
11999.3 56.2649
12048 55.7522
12096.8 55.3309
12145.6 55.0021
12194.4 54.7667
12243.1 54.6251
12291.9 54.5771
12340.7 54.6214
12389.5 54.7556
12438.3 54.9756
12487 55.2753
12535.8 55.6467
12584.6 56.0798
12633.4 56.5622
12682.1 57.0801
12730.9 57.618
12779.7 58.1597
12828.5 58.6887
12877.3 59.1889
12926 59.6455
12974.8 60.0459
13023.6 60.3801
13072.4 60.6415
13121.1 60.8275
13169.9 60.9395
13218.7 60.9832
13267.5 60.9681
13316.3 60.9076
13365 60.8178
13413.8 60.7172
13462.6 60.6252
13511.4 60.5612
13560.1 60.5435
13608.9 60.588
13657.7 60.7074
13706.5 60.9102
13755.3 61.1998
13804 61.5746
13852.8 62.0273
13901.6 62.5457
13950.4 63.113
13999.1 63.7086
14047.9 64.3093
14096.7 64.8906
14145.5 65.4283
14194.2 65.8994
14243 66.2845
14291.8 66.5681
14340.6 66.7406
14389.4 66.7982
14438.1 66.7441
14486.9 66.5881
14535.7 66.3464
14584.5 66.0407
14633.2 65.697
14682 65.3445
14730.8 65.0133
14779.6 64.7332
14828.4 64.5314
14877.1 64.4309
14925.9 64.4489
14974.7 64.5957
15023.5 64.8738
15072.2 65.2775
15121 65.7932
15169.8 66.4001
15218.6 67.0714
15267.4 67.7757
15316.1 68.4796
15364.9 69.1492
15413.7 69.753
15462.5 70.2638
15511.2 70.661
15560 70.9318
15608.8 71.073
15657.6 71.0908
15706.4 71.0011
15755.1 70.8288
15803.9 70.6057
15852.7 70.3688
15901.5 70.1575
15950.2 70.0109
15999 69.9643
16047.8 70.0467
16096.6 70.2776
16145.3 70.6653
16194.1 71.2053
16242.9 71.8797
16291.7 72.6577
16340.5 73.4973
16389.2 74.347
16438 75.1501
16486.8 75.8479
16535.6 76.3845
16584.3 76.7112
16633.1 76.7912
16681.9 76.603
16730.7 76.1434
16779.5 75.4295
16828.2 74.4986
16877 73.4072
16925.8 72.2283
16974.6 71.0465
17023.3 69.9527
17072.1 69.0373
17120.9 68.3831
17169.7 68.0582
17218.5 68.1093
17267.2 68.5563
17316 69.3889
17364.8 70.5653
17413.6 72.013
17462.3 73.6332
17511.1 75.3071
17559.9 76.9052
17608.7 78.298
17657.5 79.3683
17706.2 80.0232
17755 80.2057
17803.8 79.9036
17852.6 79.1564
17901.3 78.0564
17950.1 76.7468
17998.9 75.4127
18047.7 74.2682
18096.4 73.5379
18145.2 73.4349
18194 74.1367
18242.8 75.7605
18291.6 78.3408
18340.3 81.8121
18389.1 85.9982
18437.9 90.6115
18486.7 95.2636
18535.4 99.4887
18584.2 102.779
18633 104.631
18681.8 104.603
18730.6 102.374
18779.3 97.8071
18828.1 90.9995
18876.9 82.3267
18925.7 72.4608
18974.4 62.3643
19023.2 53.25
19072 46.5061
19120.8 43.5842
19169.6 45.8549
19218.3 54.4369
19267.1 70.0117
19315.9 92.6401
19364.7 121.599
19413.4 155.265
19462.2 191.057
19511 225.48
19559.8 254.265
19608.6 272.646
19657.3 275.745
19706.1 259.09
19754.9 219.221
19803.7 154.349
19852.4 65.0234
19901.2 -45.2821
19950 -169.731
19998.8 -297.938
20047.5 -416.119
20096.3 -507.664
20145.1 -554.201
20193.9 -537.161
20242.7 -439.845
20291.4 -249.909
20340.2 37.8851
20389 418.872
20437.8 875.936
20486.5 1377.59
20535.3 1877.09
20584.1 2313.03
20632.9 2611.8
20681.7 2692.38
20730.4 2473.48
20779.2 1883.2
20828 870.882
20876.8 -579.489
20925.5 -2435.35
20974.3 -4602.5
21023.1 -6914.84
21071.9 -9129.13
21120.7 -10927.2
21169.4 -11928.1
21218.2 -11712.9
21267 -9862.53
21315.8 -6011.63
21364.5 85.1383
21413.3 8475.05
21462.1 18924
21510.9 30835.5
21559.7 43184
21608.4 54475.5
21657.2 62753.4
21706 65666.5
21754.8 60617.7
21803.5 45008.8
21852.3 16590.4
21901.1 -26081.7
21949.9 -83096.6
21998.6 -152578
22047.4 -230066
22096.2 -307967
22145 -375192
22193.8 -417107
22242.5 -415953
22291.3 -351924
22340.1 -205042
22388.9 42001.4
22437.6 399995
22486.4 868361
22535.2 1.42951e+06
22584 2.04279e+06
22632.8 2.63879e+06
22681.5 3.11486e+06
22730.3 3.33339e+06
22779.1 3.12446e+06
22827.9 2.29506e+06
22876.6 646971
22925.4 -1.99432e+06
22974.2 -5.7379e+06
23023 -1.0572e+07
23071.8 -1.62957e+07
23120.5 -2.24402e+07
23169.3 -2.81884e+07
23218.1 -3.23017e+07
23266.9 -3.30743e+07
23315.6 -2.8339e+07
23364.4 -1.5556e+07
23413.2 7.97251e+06
23462 4.47174e+07
23510.8 9.63181e+07
23559.5 1.62715e+08
23608.3 2.40993e+08
23657.1 3.23937e+08
23705.9 3.98374e+08
23754.6 4.43447e+08
23803.4 4.2912e+08
23852.2 3.15379e+08
23901 5.28572e+07
23949.7 -4.14092e+08
23998.5 -1.14051e+09
24047.3 -2.16832e+09
24096.1 -3.50624e+09
24144.9 -5.09951e+09
24193.6 -6.7877e+09
24242.4 -8.24877e+09
24291.2 -8.93011e+09
24340 -7.97054e+09
24388.7 -4.12396e+09
24437.5 4.29399e+09
24486.3 1.93972e+10
24535.1 4.35924e+10
24583.9 7.92073e+10
24632.6 1.27715e+11
24681.4 1.88295e+11
24730.2 2.5535e+11
24779 3.14391e+11
24827.7 3.35475e+11
24876.5 2.62975e+11
24925.3 97.0097