0 68.3907
225.667 64.7133
451.335 57.3482
677.002 55.1324
902.67 41.5791
1128.34 31.4428
1354 42.7275
1579.67 26.2994
1805.34 13.092
2031.01 20.9675
2256.67 25.9995
2482.34 15.3386
2708.01 3.05114
2933.68 2.77382
3159.34 10.4366
3385.01 14.0962
3610.68 9.63422
3836.35 3.28159
4062.01 2.7095
4287.68 8.97222
4513.35 16.5944
4739.02 19.4775
4964.68 16.0687
5190.35 9.78228
5416.02 5.52075
5641.69 5.84007
5867.35 9.6103
6093.02 13.5303
6318.69 14.8223
6544.36 13.0574
6770.02 10.1066
6995.69 8.61306
7221.36 10.2071
7447.03 14.5857
7672.69 19.8544
7898.36 23.737
8124.03 24.8458
8349.7 23.3163
8575.36 20.5587
8801.03 18.3799
9026.7 18.0077
9252.37 19.5199
9478.03 21.9116
9703.7 23.6985
9929.37 23.7114
10155 21.6904
10380.7 18.42
10606.4 15.374
10832 14.0568
11057.7 15.3379
11283.4 19.0603
11509 24.068
11734.7 28.63
11960.4 31.083
12186 30.4498
12411.7 26.8119
12637.4 21.3158
12863 15.8247
13088.7 12.3448
13314.4 12.4205
13540 16.6882
13765.7 24.7174
13991.4 35.1697
14217.1 46.2104
14442.7 56.0366
14668.4 63.3664
14894.1 67.7526
15119.7 69.6492
15345.4 70.2288
15571.1 71.0193
15796.7 73.4687
16022.4 78.5568
16248.1 86.5496
16473.7 96.9477
16699.4 108.627
16925.1 120.123
17150.7 129.975
17376.4 137.054
17602.1 140.784
17827.7 141.24
18053.4 139.082
18279.1 135.386
18504.7 131.394
18730.4 128.262
18956.1 126.846
19181.7 127.579
19407.4 130.436
19633.1 135
19858.7 140.588
20084.4 146.406
20310.1 151.712
20535.7 155.932
20761.4 158.731
20987.1 160.032
21212.7 159.979
21438.4 158.875
21664.1 157.104
21889.7 155.059
22115.4 153.081
22341.1 151.43
22566.7 150.272
22792.4 149.68
23018.1 149.66
23243.7 150.157
23469.4 151.085
23695.1 152.327
23920.8 153.749
24146.4 155.209
24372.1 156.559
24597.8 157.665
24823.4 158.42
25049.1 158.768
25274.8 158.717
25500.4 158.354
25726.1 157.843
25951.8 157.409
26177.4 157.309
26403.1 157.792
26628.8 159.055
26854.4 161.202
27080.1 164.209
27305.8 167.919
27531.4 172.048
27757.1 176.22
27982.8 180.016
28208.4 183.034
28434.1 184.952
28659.8 185.58
28885.4 184.888
29111.1 183.016
29336.8 180.253
29562.4 176.994
29788.1 173.676
30013.8 170.709
30239.4 168.414
30465.1 166.973
30690.8 166.4
30916.4 166.545
31142.1 167.128
31367.8 167.785
31593.4 168.142
31819.1 167.884
32044.8 166.821
32270.4 164.926
32496.1 162.36
32721.8 159.449
32947.5 156.652
33173.1 154.485
33398.8 153.449
33624.5 153.947
33850.1 156.212
34075.8 160.261
34301.5 165.874
34527.1 172.609
34752.8 179.85
34978.5 186.876
35204.1 192.952
35429.8 197.42
35655.5 199.789
35881.1 199.794
36106.8 197.438
36332.5 192.993
36558.1 186.969
36783.8 180.049
37009.5 173.014
37235.1 166.64
37460.8 161.606
37686.5 158.416
37912.1 157.34
38137.8 158.384
38363.5 161.297
38589.1 165.609
38814.8 170.691
39040.5 175.844
39266.1 180.381
39491.8 183.718
39717.5 185.447
39943.1 185.383
40168.8 183.585
40394.5 180.349
40620.1 176.167
40845.8 171.667
41071.5 167.535
41297.1 164.425
41522.8 162.884
41748.5 163.279
41974.1 165.75
42199.8 170.182
42425.5 176.217
42651.2 183.282
42876.8 190.642
43102.5 197.477
43328.2 202.96
43553.8 206.341
43779.5 207.017
44005.2 204.598
44230.8 198.939
44456.5 190.154
44682.2 178.609
44907.8 164.881
45133.5 149.711
45359.2 133.926
45584.8 118.375
45810.5 103.846
46036.2 91.0015
46261.8 80.3271
46487.5 72.0939
46713.2 66.3455
46938.8 62.9056
47164.5 61.4061
47390.2 61.3327
47615.8 62.0825
47841.5 63.0287
48067.2 63.5848
48292.8 63.2633
48518.5 61.7232
48744.2 58.8013
48969.8 54.5252
49195.5 49.1067
49421.2 42.9178
49646.8 36.4493
49872.5 30.26
50098.2 24.918
50323.8 20.9428
50549.5 18.7524
50775.2 18.6209
51000.8 20.6509
51226.5 24.7631
51452.2 30.704
51677.9 38.0701
51903.5 46.3471
52129.2 54.9585
52354.9 63.3195
52580.5 70.8907
52806.2 77.2257
53031.9 82.0075
53257.5 85.0723
53483.2 86.4157
53708.9 86.1836
53934.5 84.6487
54160.2 82.1743
54385.9 79.1713
54611.5 76.0529
54837.2 73.191
55062.9 70.8804
55288.5 69.3125
55514.2 68.5637
55739.9 68.5954
55965.5 69.2689
56191.2 70.3695
56416.9 71.638
56642.5 72.8062
56868.2 73.6296
57093.9 73.9167
57319.5 73.5481
57545.2 72.4871
57770.9 70.7785
57996.5 68.537
58222.2 65.9288
58447.9 63.1473
58673.5 60.3877
58899.2 57.8239
59124.9 55.5902
59350.5 53.7712
59576.2 52.3998
59801.9 51.464
60027.5 50.9202
60253.2 50.7124
60478.9 50.7912
60704.5 51.1323
60930.2 51.749
61155.9 52.6983
61381.6 54.0767
61607.2 56.0089
61832.9 58.6273
62058.6 62.047
62284.2 66.3391
62509.9 71.5057
62735.6 77.4603
62961.2 84.0183
63186.9 90.8976
63412.6 97.7323
63638.2 104.097
63863.9 109.543
64089.6 113.636
64315.2 116.001
64540.9 116.359
64766.6 114.562
64992.2 110.61
65217.9 104.661
65443.6 97.0175
65669.2 88.1063
65894.9 78.4417
66120.6 68.5802
66346.2 59.0725
66571.9 50.4154
66797.6 43.0099
67023.2 37.1304
67248.9 32.9059
67474.6 30.3172
67700.2 29.2085
67925.9 29.3115
68151.6 30.2804
68377.2 31.7309
68602.9 33.2821
68828.6 34.593
69054.2 35.3934
69279.9 35.5031
69505.6 34.8405
69731.2 33.4188
69956.9 31.3325
70182.6 28.7356
70408.3 25.816
70633.9 22.7683
70859.6 19.7699
71085.3 16.9618
71310.9 14.4378
71536.6 12.2402
71762.3 10.3647
71987.9 8.7708
72213.6 7.39642
72439.3 6.17418
72664.9 5.04663
72890.6 3.97817
73116.3 2.96208
73341.9 2.02202
73567.6 1.20796
73793.3 0.587696
74018.9 0.235519
74244.6 0.219929
74470.3 0.59246
74695.9 1.37929
74921.6 2.57685
75147.3 4.15179
75372.9 6.04531
75598.6 8.18062
75824.3 10.4723
76049.9 12.8362
76275.6 15.1974
76501.3 17.4958
76726.9 19.6891
76952.6 21.7502
77178.3 23.6637
77403.9 25.4192
77629.6 27.0036
77855.3 28.3955
78080.9 29.5606
78306.6 30.4513
78532.3 31.0092
78757.9 31.1717
78983.6 30.8803
79209.3 30.0917
79434.9 28.7865
79660.6 26.9775
79886.3 24.7142
80112 22.0821
80337.6 19.1986
80563.3 16.2037
80789 13.2474
81014.6 10.4764
81240.3 8.01918
81466 5.97463
81691.6 4.40282
81917.3 3.32098
82143 2.70414
82368.6 2.49058
82594.3 2.5911
82820 2.90088
83045.6 3.31225
83271.3 3.72675
83497 4.06496
83722.6 4.27318
83948.3 4.32626
84174 4.22658
84399.6 3.9998
84625.3 3.68808
84851 3.34203
85076.6 3.0125
85302.3 2.74325
85528 2.56545
85753.6 2.49438
85979.3 2.52868
86205 2.65196
86430.6 2.83637
86656.3 3.04771
86882 3.25119
87107.6 3.4174
87333.3 3.52746
87559 3.57704
87784.6 3.57833
88010.3 3.55975
88236 3.5631
88461.6 3.6382
88687.3 3.83533
88913 4.19634
89138.6 4.74544
89364.3 5.48117
89590 6.3709
89815.7 7.34947
90041.3 8.3228
90267 9.1769
90492.7 9.79173
90718.3 10.0584
90944 9.89735
91169.7 9.27446
91395.3 8.21209
91621 6.79232
91846.7 5.15082
92072.3 3.46101
92298 1.91051
92523.7 0.672931
92749.3 -0.12027
92975 -0.402631
93200.7 -0.185624
93426.3 0.441615
93652 1.32672
93877.7 2.2809
94103.3 3.11363
94329 3.66882
94554.7 3.85513
94780.3 3.66383
95006 3.16994
95231.7 2.51538
95457.3 1.87728
95683 1.42777
95908.7 1.29414
96134.3 1.52883
96360 2.09663
96585.7 2.88332
96811.3 3.72426
97037 4.44677
97262.7 4.91584
97488.3 5.07094
97714 4.94338
97939.7 4.64769
98165.3 4.34747
98391 4.20335
98616.7 4.31686
98842.4 4.68685
99068 5.19358
99293.7 5.6195
99519.4 5.70597
99745 5.23425
99970.7 4.10976
100196 2.42448
100422 0.474396
100648 -1.28121
100873 -2.3166
101099 -2.17371
101325 -0.600177
101550 2.34808
101776 6.27508
102002 10.5031
102227 14.2163
102453 16.66
102679 17.3425
102904 16.1837
103130 13.5584
103356 10.2144
103581 7.07718
103807 4.99291
104033 4.48357
104258 5.59301
104484 7.87758
104710 10.5528
104935 12.7547
105161 13.8318
105387 13.567
105612 12.2473
105838 10.5468
106064 9.26109
106289 8.98593
106515 9.86551
106741 11.5153
106966 13.1621
107192 13.9576
107418 13.344
107643 11.3195
107869 8.48248
108095 5.81769
108320 4.30183
108546 4.49016
108772 6.2673
108997 8.88459
109223 11.2844
109449 12.579
109674 12.4687
109900 11.3933
110126 10.3186
110351 10.2288
110577 11.5595
110803 13.882
111028 16.0716
111254 16.9491
111480 16.0504
111705 13.9693
111931 11.8827
112157 10.4989
112382 9.39043
112608 7.64327
112834 5.4178
113059 4.32465
113285 5.13686
113511 5.52852
113736 3.09884
113962 1.0874
114188 3.20087
114413 2.93808
114639 3.01607
114865 1.96116
115090 1.29428
115316 4.81082