0 692.624
6.66145 692.59
13.3229 691.646
19.9843 691.023
26.6458 691.073
33.3072 692.2
46.6301 694.917
59.953 698.524
73.2759 700.865
93.2603 705.789
106.583 710.54
126.568 716.473
153.213 720.169
173.198 728.693
199.843 743.031
226.489 755.268
253.135 764.302
279.781 770.513
306.427 775.416
339.734 790.789
373.041 813.153
406.348 822.951
446.317 833.752
479.624 847.117
519.593 871.614
559.562 898.19
599.53 918.183
639.499 943.448
679.468 954.511
726.098 966.602
766.067 991.604
812.697 1008.84
859.327 1036.21
905.957 1074.73
952.587 1120.74
999.217 1144.91
1052.51 1176.67
1099.14 1205.88
1152.43 1247.64
1199.06 1276.37
1252.35 1308.4
1305.64 1343.27
1358.94 1376.65
1412.23 1405.99
1458.86 1435.66
1512.15 1466.29
1565.44 1499.65
1618.73 1536.39
1672.02 1570.5
1731.98 1611.29
1785.27 1656.62
1838.56 1679.22
1891.85 1694.4
1945.14 1712.28
1991.77 1730.18
2045.06 1746.77
2098.36 1763.54
2151.65 1786.31
2204.94 1813.79
2251.57 1842.21
2304.86 1871.54
2351.49 1892.7
2404.78 1929.66
2451.41 1964.69
2498.04 2003.12
2544.67 2044.59
2591.3 2055.44
2637.93 2071.9
2677.9 2090.05
2724.53 2115.86
2764.5 2147.65
2804.47 2173.47
2844.44 2202.33
2884.41 2234.98
2924.38 2264.17
2957.68 2287.32
2997.65 2314.92
3030.96 2335.32
3064.27 2336.76
3097.57 2340.88
3124.22 2340.96
3150.86 2338.99
3177.51 2338.75
3204.16 2332.3
3230.8 2341.78
3250.79 2341.96
3277.43 2347.25
3297.42 2349.68
3310.74 2350.97
3330.72 2354.2
3344.05 2355.91
3357.37 2357.16
3370.69 2358.33
3377.35 2356.29
3384.02 2351.84
3390.68 2347.8
3397.34 2344.02
3404 2339.81