0 66.1621
225.667 62.3953
451.335 58.7159
677.002 55.1324
902.67 51.6527
1128.34 48.284
1354 45.0328
1579.67 41.9052
1805.34 38.9066
2031.01 36.0419
2256.67 33.3153
2482.34 30.7307
2708.01 28.2914
2933.68 26.0003
3159.34 23.8598
3385.01 21.8718
3610.68 20.038
3836.35 18.3593
4062.01 16.8368
4287.68 15.4706
4513.35 14.2611
4739.02 13.2078
4964.68 12.3103
5190.35 11.5677
5416.02 10.9789
5641.69 10.5424
5867.35 10.2567
6093.02 10.1199
6318.69 10.1298
6544.36 10.2842
6770.02 10.5805
6995.69 11.0161
7221.36 11.5881
7447.03 12.2935
7672.69 13.1291
7898.36 14.0916
8124.03 15.1776
8349.7 16.3836
8575.36 17.7058
8801.03 19.1405
9026.7 20.684
9252.37 22.3323
9478.03 24.0813
9703.7 25.9271
9929.37 27.8656
10155 29.8927
10380.7 32.0041
10606.4 34.1956
10832 36.4631
11057.7 38.8023
11283.4 41.209
11509 43.6788
11734.7 46.2076
11960.4 48.7912
12186 51.4252
12411.7 54.1055
12637.4 56.8279
12863 59.5883
13088.7 62.3826
13314.4 65.2067
13540 68.0565
13765.7 70.9282
13991.4 73.8177
14217.1 76.7212
14442.7 79.635
14668.4 82.5551
14894.1 85.4781
15119.7 88.4001
15345.4 91.3178
15571.1 94.2276
15796.7 97.1261
16022.4 100.01
16248.1 102.876
16473.7 105.721
16699.4 108.543
16925.1 111.337
17150.7 114.101
17376.4 116.832
17602.1 119.528
17827.7 122.186
18053.4 124.803
18279.1 127.377
18504.7 129.906
18730.4 132.387
18956.1 134.818
19181.7 137.197
19407.4 139.522
19633.1 141.791
19858.7 144.003
20084.4 146.155
20310.1 148.247
20535.7 150.276
20761.4 152.241
20987.1 154.141
21212.7 155.974
21438.4 157.74
21664.1 159.437
21889.7 161.065
22115.4 162.622
22341.1 164.108
22566.7 165.522
22792.4 166.863
23018.1 168.131
23243.7 169.326
23469.4 170.447
23695.1 171.494
23920.8 172.466
24146.4 173.364
24372.1 174.187
24597.8 174.936
24823.4 175.611
25049.1 176.211
25274.8 176.737
25500.4 177.19
25726.1 177.57
25951.8 177.877
26177.4 178.111
26403.1 178.274
26628.8 178.366
26854.4 178.388
27080.1 178.341
27305.8 178.224
27531.4 178.04
27757.1 177.789
27982.8 177.472
28208.4 177.091
28434.1 176.646
28659.8 176.138
28885.4 175.568
29111.1 174.939
29336.8 174.25
29562.4 173.504
29788.1 172.702
30013.8 171.844
30239.4 170.933
30465.1 169.97
30690.8 168.956
30916.4 167.893
31142.1 166.783
31367.8 165.626
31593.4 164.424
31819.1 163.18
32044.8 161.894
32270.4 160.568
32496.1 159.204
32721.8 157.804
32947.5 156.368
33173.1 154.9
33398.8 153.4
33624.5 151.869
33850.1 150.311
34075.8 148.726
34301.5 147.116
34527.1 145.483
34752.8 143.829
34978.5 142.154
35204.1 140.462
35429.8 138.752
35655.5 137.029
35881.1 135.291
36106.8 133.543
36332.5 131.784
36558.1 130.017
36783.8 128.243
37009.5 126.464
37235.1 124.681
37460.8 122.897
37686.5 121.111
37912.1 119.327
38137.8 117.546
38363.5 115.768
38589.1 113.995
38814.8 112.229
39040.5 110.472
39266.1 108.724
39491.8 106.987
39717.5 105.262
39943.1 103.55
40168.8 101.853
40394.5 100.172
40620.1 98.5081
40845.8 96.8623
41071.5 95.2359
41297.1 93.6298
41522.8 92.0453
41748.5 90.4832
41974.1 88.9446
42199.8 87.4304
42425.5 85.9416
42651.2 84.4789
42876.8 83.0432
43102.5 81.6353
43328.2 80.256
43553.8 78.906
43779.5 77.586
44005.2 76.2966
44230.8 75.0384
44456.5 73.812
44682.2 72.6179
44907.8 71.4566
45133.5 70.3286
45359.2 69.2343
45584.8 68.174
45810.5 67.148
46036.2 66.1567
46261.8 65.2004
46487.5 64.2791
46713.2 63.3932
46938.8 62.5427
47164.5 61.7278
47390.2 60.9485
47615.8 60.2049
47841.5 59.4968
48067.2 58.8244
48292.8 58.1874
48518.5 57.5859
48744.2 57.0195
48969.8 56.4882
49195.5 55.9916
49421.2 55.5296
49646.8 55.1019
49872.5 54.7081
50098.2 54.3478
50323.8 54.0207
50549.5 53.7263
50775.2 53.4643
51000.8 53.234
51226.5 53.035
51452.2 52.8668
51677.9 52.7287
51903.5 52.6202
52129.2 52.5407
52354.9 52.4895
52580.5 52.4659
52806.2 52.4692
53031.9 52.4988
53257.5 52.5538
53483.2 52.6335
53708.9 52.7371
53934.5 52.8638
54160.2 53.0128
54385.9 53.1832
54611.5 53.3742
54837.2 53.5849
55062.9 53.8144
55288.5 54.0617
55514.2 54.3261
55739.9 54.6065
55965.5 54.9019
56191.2 55.2115
56416.9 55.5343
56642.5 55.8692
56868.2 56.2154
57093.9 56.5718
57319.5 56.9375
57545.2 57.3113
57770.9 57.6924
57996.5 58.0797
58222.2 58.4723
58447.9 58.869
58673.5 59.269
58899.2 59.6711
59124.9 60.0744
59350.5 60.478
59576.2 60.8807
59801.9 61.2816
60027.5 61.6797
60253.2 62.0741
60478.9 62.4637
60704.5 62.8477
60930.2 63.225
61155.9 63.5947
61381.6 63.9559
61607.2 64.3076
61832.9 64.649
62058.6 64.9792
62284.2 65.2972
62509.9 65.6023
62735.6 65.8936
62961.2 66.1703
63186.9 66.4315
63412.6 66.6765
63638.2 66.9046
63863.9 67.1148
64089.6 67.3067
64315.2 67.4793
64540.9 67.6321
64766.6 67.7645
64992.2 67.8757
65217.9 67.9651
65443.6 68.0323
65669.2 68.0766
65894.9 68.0974
66120.6 68.0944
66346.2 68.067
66571.9 68.0148
66797.6 67.9373
67023.2 67.8343
67248.9 67.7052
67474.6 67.5498
67700.2 67.3679
67925.9 67.159
68151.6 66.9231
68377.2 66.6598
68602.9 66.3691
68828.6 66.0507
69054.2 65.7047
69279.9 65.3308
69505.6 64.929
69731.2 64.4994
69956.9 64.042
70182.6 63.5567
70408.3 63.0438
70633.9 62.5033
70859.6 61.9354
71085.3 61.3402
71310.9 60.718
71536.6 60.0691
71762.3 59.3936
71987.9 58.692
72213.6 57.9646
72439.3 57.2118
72664.9 56.4339
72890.6 55.6314
73116.3 54.8049
73341.9 53.9547
73567.6 53.0814
73793.3 52.1857
74018.9 51.268
74244.6 50.3291
74470.3 49.3695
74695.9 48.39
74921.6 47.3912
75147.3 46.3739
75372.9 45.3389
75598.6 44.2869
75824.3 43.2187
76049.9 42.1352
76275.6 41.0372
76501.3 39.9256
76726.9 38.8013
76952.6 37.6653
77178.3 36.5184
77403.9 35.3617
77629.6 34.1961
77855.3 33.0225
78080.9 31.8421
78306.6 30.6559
78532.3 29.4648
78757.9 28.27
78983.6 27.0724
79209.3 25.8733
79434.9 24.6736
79660.6 23.4744
79886.3 22.277
80112 21.0823
80337.6 19.8914
80563.3 18.7056
80789 17.5259
81014.6 16.3535
81240.3 15.1894
81466 14.0348
81691.6 12.8908
81917.3 11.7585
82143 10.639
82368.6 9.5335
82594.3 8.44297
82820 7.36854
83045.6 6.31128
83271.3 5.27225
83497 4.2525
83722.6 3.25306
83948.3 2.27494
84174 1.31914
84399.6 0.386644
84625.3 -0.521596
84851 -1.40464
85076.6 -2.26159
85302.3 -3.09155
85528 -3.89365
85753.6 -4.66707
85979.3 -5.41101
86205 -6.12469
86430.6 -6.80738
86656.3 -7.45835
86882 -8.07695
87107.6 -8.66253
87333.3 -9.2145
87559 -9.73229
87784.6 -10.2154
88010.3 -10.6633
88236 -11.0756
88461.6 -11.4519
88687.3 -11.7919
88913 -12.0951
89138.6 -12.3615
89364.3 -12.5908
89590 -12.7827
89815.7 -12.9373
90041.3 -13.0544
90267 -13.134
90492.7 -13.1762
90718.3 -13.1812
90944 -13.1489
91169.7 -13.0797
91395.3 -12.9738
91621 -12.8315
91846.7 -12.6533
92072.3 -12.4394
92298 -12.1905
92523.7 -11.9071
92749.3 -11.5898
92975 -11.2392
93200.7 -10.856
93426.3 -10.4412
93652 -9.9954
93877.7 -9.51961
94103.3 -9.01477
94329 -8.48189
94554.7 -7.92203
94780.3 -7.33633
95006 -6.72597
95231.7 -6.09217
95457.3 -5.43624
95683 -4.75953
95908.7 -4.06341
96134.3 -3.34935
96360 -2.61884
96585.7 -1.87342
96811.3 -1.11469
97037 -0.344281
97262.7 0.436124
97488.3 1.22481
97714 2.02
97939.7 2.81992
98165.3 3.62274
98391 4.42658
98616.7 5.22956
98842.4 6.02976
99068 6.82525
99293.7 7.61407
99519.4 8.39424
99745 9.16377
99970.7 9.92068
100196 10.663
100422 11.3886
100648 12.0956
100873 12.782
101099 13.4458
101325 14.0851
101550 14.6979
101776 15.2823
102002 15.8365
102227 16.3586
102453 16.8469
102679 17.2996
102904 17.715
103130 18.0915
103356 18.4277
103581 18.7221
103807 18.9733
104033 19.1801
104258 19.3413
104484 19.4558
104710 19.5228
104935 19.5414
105161 19.5111
105387 19.4313
105612 19.3017
105838 19.1221
106064 18.8926
106289 18.6133
106515 18.2848
106741 17.9075
106966 17.4824
107192 17.0105
107418 16.4933
107643 15.9323
107869 15.3294
108095 14.6868
108320 14.0071
108546 13.293
108772 12.5477
108997 11.7747
109223 10.9779
109449 10.1615
109674 9.33024
109900 8.48916
110126 7.64377
110351 6.80006
110577 5.96446
110803 5.14391
111028 4.34585
111254 3.57826
111480 2.84966
111705 2.16914
111931 1.54641
112157 0.991758
112382 0.516131
112608 0.131128
112834 -0.150966
113059 -0.317159
113285 -0.353728
113511 -0.246193
113736 0.0207071
113962 0.463044
114188 1.09772
114413 1.94251
114639 3.01607
114865 4.33797
115090 5.92875
115316 7.80989