0 30.5076
48.7775 30.8462
97.555 30.2256
146.332 31.0451
195.11 32.3201
243.887 33.1938
292.665 33.5138
341.442 33.5483
390.22 33.6388
438.997 34.0092
487.775 34.7224
536.552 35.7203
585.33 36.8869
634.107 38.1016
682.885 39.2693
731.662 40.3288
780.44 41.2486
829.217 42.0165
877.995 42.6299
926.772 43.0895
975.55 43.398
1024.33 43.5605
1073.1 43.5877
1121.88 43.4976
1170.66 43.3162
1219.44 43.0764
1268.21 42.8153
1316.99 42.5692
1365.77 42.3701
1414.55 42.2409
1463.32 42.1932
1512.1 42.2262
1560.88 42.3267
1609.66 42.4719
1658.43 42.6322
1707.21 42.7753
1755.99 42.8702
1804.77 42.8906
1853.54 42.8181
1902.32 42.6436
1951.1 42.3679
1999.88 42.0014
2048.65 41.5624
2097.43 41.0747
2146.21 40.5657
2194.99 40.063
2243.76 39.5922
2292.54 39.1751
2341.32 38.828
2390.1 38.5608
2438.87 38.3773
2487.65 38.2754
2536.43 38.2481
2585.21 38.2851
2633.98 38.3738
2682.76 38.5016
2731.54 38.6561
2780.32 38.8273
2829.09 39.0076
2877.87 39.1924
2926.65 39.3797
2975.43 39.5703
3024.2 39.7664
3072.98 39.9713
3121.76 40.1881
3170.54 40.4188
3219.31 40.6637
3268.09 40.9203
3316.87 41.1837
3365.65 41.4457
3414.42 41.6958
3463.2 41.921
3511.98 42.1071
3560.76 42.2394
3609.53 42.3036
3658.31 42.2871
3707.09 42.1798
3755.87 41.975
3804.64 41.67
3853.42 41.2668
3902.2 40.7719
3950.98 40.1962
3999.75 39.5548
4048.53 38.8662
4097.31 38.1514
4146.09 37.4329
4194.86 36.7337
4243.64 36.0759
4292.42 35.48
4341.2 34.9634
4389.97 34.5403
4438.75 34.2205
4487.53 34.0092
4536.31 33.907
4585.08 33.9101
4633.86 34.0106
4682.64 34.1972
4731.42 34.4556
4780.19 34.7703
4828.97 35.1246
4877.75 35.5024
4926.53 35.8885
4975.3 36.2701
5024.08 36.637
5072.86 36.9826
5121.64 37.3038
5170.41 37.6013
5219.19 37.8797
5267.97 38.1467
5316.75 38.4129
5365.52 38.6908
5414.3 38.9944
5463.08 39.3376
5511.86 39.734
5560.63 40.1954
5609.41 40.7309
5658.19 41.3466
5706.97 42.0446
5755.74 42.8225
5804.52 43.6738
5853.3 44.587
5902.08 45.5465
5950.85 46.5331
5999.63 47.5241
6048.41 48.4948
6097.19 49.4188
6145.96 50.2698
6194.74 51.0221
6243.52 51.6523
6292.3 52.1396
6341.07 52.4676
6389.85 52.6246
6438.63 52.6045
6487.41 52.4072
6536.18 52.0387
6584.96 51.5114
6633.74 50.8434
6682.52 50.0585
6731.29 49.1851
6780.07 48.2554
6828.85 47.3047
6877.63 46.3695
6926.4 45.4871
6975.18 44.6935
7023.96 44.0228
7072.74 43.5057
7121.51 43.1684
7170.29 43.0317
7219.07 43.1105
7267.85 43.4128
7316.62 43.9399
7365.4 44.6858
7414.18 45.6381
7462.96 46.7776
7511.73 48.0796
7560.51 49.5144
7609.29 51.0482
7658.07 52.6448
7706.84 54.2659
7755.62 55.8733
7804.4 57.4295
7853.18 58.8992
7901.95 60.2504
7950.73 61.4553
7999.51 62.4914
8048.29 63.3418
8097.06 63.9962
8145.84 64.4504
8194.62 64.7071
8243.4 64.7751
8292.17 64.6693
8340.95 64.4099
8389.73 64.0215
8438.51 63.5325
8487.28 62.9739
8536.06 62.3782
8584.84 61.7781
8633.62 61.206
8682.39 60.692
8731.17 60.2637
8779.95 59.945
8828.73 59.7552
8877.5 59.7088
8926.28 59.8148
8975.06 60.0765
9023.84 60.4918
9072.61 61.053
9121.39 61.7476
9170.17 62.5582
9218.95 63.464
9267.72 64.4408
9316.5 65.4624
9365.28 66.5015
9414.06 67.5305
9462.83 68.5225
9511.61 69.4523
9560.39 70.2972
9609.17 71.0377
9657.94 71.6583
9706.72 72.1477
9755.5 72.4993
9804.28 72.7112
9853.05 72.7864
9901.83 72.7323
9950.61 72.5605
9999.39 72.2864
10048.2 71.9285
10096.9 71.5075
10145.7 71.0456
10194.5 70.5659
10243.3 70.0912
10292.1 69.6432
10340.8 69.242
10389.6 68.9048
10438.4 68.6459
10487.2 68.4758
10535.9 68.4008
10584.7 68.423
10633.5 68.5399
10682.3 68.745
10731 69.0273
10779.8 69.3724
10828.6 69.7626
10877.4 70.1775
10926.2 70.5951
10974.9 70.992
11023.7 71.345
11072.5 71.631
11121.3 71.8289
11170 71.9192
11218.8 71.8858
11267.6 71.716
11316.4 71.4009
11365.2 70.9364
11413.9 70.3226
11462.7 69.5648
11511.5 68.6723
11560.3 67.6593
11609 66.5438
11657.8 65.347
11706.6 64.0933
11755.4 62.8092
11804.2 61.5222
11852.9 60.2606
11901.7 59.0521
11950.5 57.9233
11999.3 56.8987
12048 56
12096.8 55.2454
12145.6 54.6493
12194.4 54.2214
12243.1 53.967
12291.9 53.8864
12340.7 53.9751
12389.5 54.2241
12438.3 54.6202
12487 55.1462
12535.8 55.7817
12584.6 56.5039
12633.4 57.2881
12682.1 58.1087
12730.9 58.9399
12779.7 59.7568
12828.5 60.5359
12877.3 61.2559
12926 61.8986
12974.8 62.4493
13023.6 62.8973
13072.4 63.2361
13121.1 63.4637
13169.9 63.5824
13218.7 63.599
13267.5 63.5241
13316.3 63.372
13365 63.16
13413.8 62.9076
13462.6 62.6362
13511.4 62.3677
13560.1 62.1242
13608.9 61.9267
13657.7 61.7948
13706.5 61.7457
13755.3 61.7932
13804 61.948
13852.8 62.2162
13901.6 62.6
13950.4 63.0969
13999.1 63.6998
14047.9 64.3976
14096.7 65.1751
14145.5 66.0135
14194.2 66.8912
14243 67.7844
14291.8 68.6681
14340.6 69.5165
14389.4 70.3043
14438.1 71.0077
14486.9 71.6046
14535.7 72.0762
14584.5 72.4072
14633.2 72.5866
14682 72.608
14730.8 72.4702
14779.6 72.1771
14828.4 71.7376
14877.1 71.1659
14925.9 70.4803
14974.7 69.7034
15023.5 68.8612
15072.2 67.9821
15121 67.0961
15169.8 66.2341
15218.6 65.4264
15267.4 64.7022
15316.1 64.0884
15364.9 63.6085
15413.7 63.2822
15462.5 63.1244
15511.2 63.1448
15560 63.3474
15608.8 63.7306
15657.6 64.287
15706.4 65.0035
15755.1 65.8619
15803.9 66.8396
15852.7 67.9098
15901.5 69.043
15950.2 70.2075
15999 71.3707
16047.8 72.5001
16096.6 73.5644
16145.3 74.5345
16194.1 75.3846
16242.9 76.093
16291.7 76.6426
16340.5 77.0219
16389.2 77.2252
16438 77.2525
16486.8 77.1099
16535.6 76.809
16584.3 76.3667
16633.1 75.8046
16681.9 75.1479
16730.7 74.425
16779.5 73.6658
16828.2 72.9013
16877 72.1621
16925.8 71.4773
16974.6 70.8738
17023.3 70.3749
17072.1 70
17120.9 69.7637
17169.7 69.6752
17218.5 69.7385
17267.2 69.9521
17316 70.3093
17364.8 70.7986
17413.6 71.404
17462.3 72.1066
17511.1 72.8845
17559.9 73.7145
17608.7 74.5729
17657.5 75.4368
17706.2 76.2846
17755 77.0978
17803.8 77.861
17852.6 78.5632
17901.3 79.1978
17950.1 79.7632
17998.9 80.2628
18047.7 80.7044
18096.4 81.1004
18145.2 81.4665
18194 81.8212
18242.8 82.1847
18291.6 82.5777
18340.3 83.0204
18389.1 83.5311
18437.9 84.1252
18486.7 84.8139
18535.4 85.6037
18584.2 86.4955
18633 87.4842
18681.8 88.5586
18730.6 89.7017
18779.3 90.8906
18828.1 92.0982
18876.9 93.2932
18925.7 94.4421
18974.4 95.5105
19023.2 96.4642
19072 97.2715
19120.8 97.9042
19169.6 98.3396
19218.3 98.5613
19267.1 98.5607
19315.9 98.3375
19364.7 97.9
19413.4 97.2655
19462.2 96.4592
19511 95.5141
19559.8 94.4689
19608.6 93.3673
19657.3 92.2554
19706.1 91.1798
19754.9 90.1856
19803.7 89.3139
19852.4 88.6
19901.2 88.0709
19950 87.7447
19998.8 87.6287
20047.5 87.7188
20096.3 88
20145.1 88.4464
20193.9 89.0226
20242.7 89.6851
20291.4 90.385
20340.2 91.07
20389 91.6878
20437.8 92.1887
20486.5 92.5288
20535.3 92.6729
20584.1 92.5966
20632.9 92.2884
20681.7 91.7511
20730.4 91.0018
20779.2 90.0718
20828 89.005
20876.8 87.8563
20925.5 86.6881
20974.3 85.5666
21023.1 84.5583
21071.9 83.7253
21120.7 83.1208
21169.4 82.7855
21218.2 82.7434
21267 83
21315.8 83.5399
21364.5 84.3268
21413.3 85.3045
21462.1 86.3989
21510.9 87.5224
21559.7 88.5783
21608.4 89.4671
21657.2 90.0927
21706 90.3698
21754.8 90.2302
21803.5 89.6291
21852.3 88.5494
21901.1 87.0057
21949.9 85.0451
21998.6 82.7464
22047.4 80.2171
22096.2 77.5872
22145 75.0024
22193.8 72.6139
22242.5 70.5686
22291.3 68.9973
22340.1 68.0051
22388.9 67.661
22437.6 67.9913
22486.4 68.975
22535.2 70.5422
22584 72.5776
22632.8 74.9271
22681.5 77.408
22730.3 79.8225
22779.1 81.9742
22827.9 83.6842
22876.6 84.8079
22925.4 85.2492
22974.2 84.9716
23023 84.004
23071.8 82.4413
23120.5 80.4372
23169.3 78.1927
23218.1 75.9368
23266.9 73.9049
23315.6 72.3145
23364.4 71.3409
23413.2 71.0974
23462 71.6208
23510.8 72.8659
23559.5 74.7091
23608.3 76.9634
23657.1 79.4008
23705.9 81.7827
23754.6 83.8922
23803.4 85.5637
23852.2 86.706
23901 87.3126
23949.7 87.4577
23998.5 87.2764
24047.3 86.9331
24096.1 86.5831
24144.9 86.3377
24193.6 86.2416
24242.4 86.2728
24291.2 86.3681
24340 86.4701
24388.7 86.5812
24437.5 86.8006
24486.3 87.3142
24535.1 88.3183
24583.9 89.8806
24632.6 91.7938
24681.4 93.5379
24730.2 94.5067
24779 94.5823
24827.7 94.7775
24876.5 96.6592
24925.3 97.0097