0 692.624
6.66145 692.59
19.9843 691.023
39.9687 693.603
66.6145 699.637
99.9217 708.219
139.89 718.191
186.521 735.164
239.812 759.218
293.104 771.796
359.718 801.297
426.333 830.497
499.609 858.71
579.546 911.081
659.483 943.514
746.082 983.326
832.681 1021.9
932.603 1101.86
1025.86 1162.23
1125.78 1226.77
1225.71 1292.58
1332.29 1368.22
1438.87 1422.05
1538.79 1485.76
1645.38 1553.7
1758.62 1634.58
1865.21 1686.62
1965.13 1719.24
2071.71 1755.15
2178.29 1799.83
2278.22 1856.45
2378.14 1907.92
2471.4 1980.62
2571.32 2057.14
2657.92 2081.01
2744.52 2132.67
2824.45 2187.57
2904.39 2249.5
2977.67 2302.73
3044.28 2336.59
3110.9 2341.25
3164.19 2338.79
3217.48 2333.97
3264.11 2344.32
3304.08 2350.77
3337.39 2355.2
3364.03 2358.25
3384.02 2351.84
3397.34 2344.02
3404 2339.81