0 30.5076
48.7775 2.53132e+26
97.555 1.65168e+26
146.332 7.04781e+25
195.11 2.02352e+25
243.887 1.34653e+24
292.665 -3.02249e+24
341.442 -2.56963e+24
390.22 -1.32879e+24
438.997 -4.65376e+23
487.775 -6.15485e+22
536.552 6.24751e+22
585.33 6.68823e+22
634.107 3.99238e+22
682.885 1.62195e+22
731.662 3.13694e+21
780.44 -1.75791e+21
829.217 -2.42612e+21
877.995 -1.64155e+21
926.772 -7.54366e+20
975.55 -1.88804e+20
1024.33 5.83591e+19
1073.1 1.12266e+20
1121.88 8.55375e+19
1170.66 4.38017e+19
1219.44 1.33042e+19
1268.21 -1.89651e+18
1316.99 -6.28118e+18
1365.77 -5.39148e+18
1414.55 -3.04738e+18
1463.32 -1.08072e+18
1512.1 2.13968e+16
1560.88 4.09249e+17
1609.66 3.98335e+17
1658.43 2.47043e+17
1707.21 9.97511e+16
1755.99 7.71069e+15
1804.77 -3.01357e+16
1853.54 -3.37168e+16
1902.32 -2.28688e+16
1951.1 -1.03339e+16
1999.88 -1.63403e+15
2048.65 2.43903e+15
2097.43 3.21253e+15
2146.21 2.38041e+15
2194.99 1.18925e+15
2243.76 2.71239e+14
2292.54 -2.10131e+14
2341.32 -3.3966e+14
2390.1 -2.75243e+14
2438.87 -1.50725e+14
2487.65 -4.37895e+13
2536.43 1.83489e+13
2585.21 3.9367e+13
2633.98 3.50048e+13
2682.76 2.08837e+13
2731.54 7.26186e+12
2780.32 -1.45181e+12
2829.09 -4.94647e+12
2877.87 -4.85597e+12
2926.65 -3.14335e+12
2975.43 -1.26139e+12
3024.2 5.91647e+10
3072.98 6.66535e+11
3121.76 7.29543e+11
3170.54 5.11166e+11
3219.31 2.31258e+11
3268.09 1.60113e+10
3316.87 -9.51981e+10
3365.65 -1.17951e+11
3414.42 -8.93763e+10
3463.2 -4.48735e+10
3511.98 -7.30673e+09
3560.76 1.42061e+10
3609.53 2.04039e+10
3658.31 1.67306e+10
3707.09 9.22027e+09
3755.87 2.22928e+09
3804.64 -2.16954e+09
3853.42 -3.75585e+09
3902.2 -3.34005e+09
3950.98 -2.00491e+09
3999.75 -6.23206e+08
4048.53 3.26897e+08
4097.31 7.31696e+08
4146.09 7.0861e+08
4194.86 4.60827e+08
4243.64 1.71924e+08
4292.42 -4.45712e+07
4341.2 -1.50006e+08
4389.97 -1.59239e+08
4438.75 -1.11801e+08
4487.53 -4.81411e+07
4536.31 3.81881e+06
4585.08 3.21562e+07
4633.86 3.77852e+07
4682.64 2.8585e+07
4731.42 1.38619e+07
4780.19 750430
4828.97 -7.15117e+06
4877.75 -9.43863e+06
4926.53 -7.68957e+06
4975.3 -4.1315e+06
5024.08 -659676
5072.86 1.63232e+06
5121.64 2.4746e+06
5170.41 2.17291e+06
5219.19 1.27907e+06
5267.97 316363
5316.75 -376063
5365.52 -678725
5414.3 -643849
5463.08 -411957
5511.86 -133021
5560.63 84915.1
5609.41 194171
5658.19 199806
5706.97 138239
5755.74 53993.5
5804.52 -17450.6
5853.3 -57619.6
5902.08 -64731
5950.85 -48233.2
5999.63 -21780
6048.41 2601.18
6097.19 17755.7
6145.96 21967.9
6194.74 17617
6243.52 9010.95
6292.3 359.595
6341.07 -5528.64
6389.85 -7666.89
6438.63 -6595.46
6487.41 -3705.07
6536.18 -516.314
6584.96 1845.35
6633.74 2879.45
6682.52 2669.46
6731.29 1671.09
6780.07 450.498
6828.85 -529.915
6877.63 -1026.36
6926.4 -1024.14
6975.18 -672.76
7023.96 -189.063
7072.74 231.8
7121.51 471.981
7170.29 505.776
7219.07 381.076
7267.85 182.986
7316.62 -3.85339
7365.4 -122.069
7414.18 -152.209
7462.96 -108.448
7511.73 -24.8577
7560.51 60.8478
7609.29 120.318
7658.07 141.118
7706.84 126.511
7755.62 90.3299
7804.4 49.8452
7853.18 19.3831
7901.95 6.51105
7950.73 11.3306
7999.51 28.3151
8048.29 49.4737
8097.06 67.514
8145.84 78.0017
8194.62 80.0751
8243.4 75.8367
8292.17 68.9269
8340.95 62.9326
8389.73 60.179
8438.51 61.2114
8487.28 64.9846
8536.06 69.5472
8584.84 72.8959
8633.62 73.6886
8682.39 71.6114
8731.17 67.3462
8779.95 62.2221
8828.73 57.7161
8877.5 54.9878
8926.28 54.5847
8975.06 56.3791
9023.84 59.7154
9072.61 63.6836
9121.39 67.4157
9170.17 70.3107
9218.95 72.1351
9267.72 72.9943
9316.5 73.2094
9365.28 73.1581
9414.06 73.1374
9462.83 73.2865
9511.61 73.5842
9560.39 73.9043
9609.17 74.0988
9657.94 74.0731
9706.72 73.8264
9755.5 73.4465
9804.28 73.0677
9853.05 72.8098
9901.83 72.7246
9950.61 72.7706
9999.39 72.8223
10048.2 72.7142
10096.9 72.3003
10145.7 71.5115
10194.5 70.3897
10243.3 69.089
10292.1 67.8423
10340.8 66.9031
10389.6 66.4812
10438.4 66.6881
10487.2 67.5099
10535.9 68.8121
10584.7 70.3742
10633.5 71.9434
10682.3 73.2924
10731 74.2652
10779.8 74.8003
10828.6 74.9282
10877.4 74.746
10926.2 74.3788
10974.9 73.9401
11023.7 73.5023
11072.5 73.0839
11121.3 72.6552
11170 72.1579
11218.8 71.532
11267.6 70.7388
11316.4 69.7757
11365.2 68.6769
11413.9 67.5032
11462.7 66.3225
11511.5 65.1917
11560.3 64.1417
11609 63.174
11657.8 62.2663
11706.6 61.3857
11755.4 60.5053
11804.2 59.6163
11852.9 58.7337
11901.7 57.8919
11950.5 57.1332
11999.3 56.4924
12048 55.9833
12096.8 55.5919
12145.6 55.2796
12194.4 54.9947
12243.1 54.6908
12291.9 54.3447
12340.7 53.9696
12389.5 53.6175
12438.3 53.3706
12487 53.3226
12535.8 53.5545
12584.6 54.1117
12633.4 54.989
12682.1 56.1272
12730.9 57.4226
12779.7 58.7473
12828.5 59.9746
12877.3 61.0032
12926 61.7736
12974.8 62.2736
13023.6 62.532
13072.4 62.6033
13121.1 62.5491
13169.9 62.4217
13218.7 62.2545
13267.5 62.0619
13316.3 61.8468
13365 61.6125
13413.8 61.3725
13462.6 61.1551
13511.4 60.9995
13560.1 60.9435
13608.9 61.0084
13657.7 61.1862
13706.5 61.435
13755.3 61.6869
13804 61.8677
13852.8 61.9233
13901.6 61.8456
13950.4 61.6877
13999.1 61.5612
14047.9 61.6139
14096.7 61.9895
14145.5 62.7814
14194.2 63.9923
14243 65.5138
14291.8 67.1354
14340.6 68.5848
14389.4 69.5912
14438.1 69.9561
14486.9 69.6124
14535.7 68.6524
14584.5 67.3136
14633.2 65.9232
14682 64.8135
14730.8 64.2308
14779.6 64.2652
14828.4 64.8245
14877.1 65.6619
14925.9 66.4541
14974.7 66.9076
15023.5 66.8611
15072.2 66.3495
15121 65.6058
15169.8 64.9929
15218.6 64.8828
15267.4 65.5196
15316.1 66.911
15364.9 68.7922
15413.7 70.6826
15462.5 72.0284
15511.2 72.3922
15560 71.6284
15608.8 69.9779
15657.6 68.0363
15706.4 66.5866
15755.1 66.3349
15803.9 67.631
15852.7 70.2738
15901.5 73.4897
15950.2 76.1252
15999 77.0209
16047.8 75.4625
16096.6 71.5543
16145.3 66.3553
16194.1 61.6774
16242.9 59.5474
16291.7 61.4653
16340.5 67.6975
16389.2 76.8842
16438 86.19
16486.8 92.0666
16535.6 91.4817
16584.3 83.2503
16633.1 68.9702
16681.9 53.0919
16730.7 41.8653
16779.5 41.2821
16828.2 54.5584
16877 80.0385
16925.8 110.483
16974.6 134.43
17023.3 139.69
17072.1 118.188
17120.9 70.5969
17169.7 8.7916
17218.5 -45.5716
17267.2 -67.0023
17316 -35.6666
17364.8 52.355
17413.6 178.06
17462.3 299.811
17511.1 363.331
17559.9 320.587
17608.7 152.763
17657.5 -110.987
17706.2 -388.562
17755 -560.982
17803.8 -510.602
17852.6 -173.46
17901.3 411.411
17950.1 1078.39
17998.9 1558.05
18047.7 1555.27
18096.4 871.065
18145.2 -467.248
18194 -2122.06
18242.8 -3464.79
18291.6 -3735.22
18340.3 -2331.21
18389.1 843.5
18437.9 5104.34
18486.7 8942.91
18535.4 10343.7
18584.2 7485.67
18633 -309.579
18681.8 -11702.9
18730.6 -22977.7
18779.3 -28620.7
18828.1 -23045.7
18876.9 -3234.87
18925.7 28478
18974.4 62728.4
19023.2 83935.5
19072 74560.7
19120.8 22638.4
19169.6 -69259.5
19218.3 -177182
19267.1 -255618
19315.9 -247887
19364.7 -108100
19413.4 169385
19462.2 523227
19511 816083
19559.8 858640
19608.6 474921
19657.3 -398531
19706.1 -1.60879e+06
19754.9 -2.72828e+06
19803.7 -3.10166e+06
19852.4 -2.04239e+06
19901.2 824188
19950 5.15251e+06
19998.8 9.57405e+06
20047.5 1.17327e+07
20096.3 8.87521e+06
20145.1 -929744
20193.9 -1.71501e+07
20242.7 -3.5312e+07
20291.4 -4.66078e+07
20340.2 -3.9606e+07
20389 -4.6966e+06
20437.8 5.91241e+07
20486.5 1.37114e+08
20535.3 1.95021e+08
20584.1 1.83463e+08
20632.9 5.44387e+07
20681.7 -2.09705e+08
20730.4 -5.61362e+08
20779.2 -8.62086e+08
20828 -8.89037e+08
20876.8 -3.96692e+08
20925.5 7.55328e+08
20974.3 2.42698e+09
21023.1 4.03831e+09
21071.9 4.53563e+09
21120.7 2.61689e+09
21169.4 -2.68583e+09
21218.2 -1.10958e+10
21267 -2.01112e+10
21315.8 -2.44993e+10
21364.5 -1.70386e+10
21413.3 8.7541e+09
21462.1 5.37045e+10
21510.9 1.06852e+11
21559.7 1.40866e+11
21608.4 1.13575e+11
21657.2 -1.90825e+10
21706 -2.75339e+11
21754.8 -6.07993e+11
21803.5 -8.6688e+11
21852.3 -7.91238e+11
21901.1 -7.01662e+10
21949.9 1.49452e+12
21998.6 3.72078e+12
22047.4 5.74267e+12
22096.2 5.84431e+12
22145 1.71378e+12
22193.8 -8.56446e+12
22242.5 -2.46078e+13
22291.3 -4.12109e+13
22340.1 -4.63061e+13
22388.9 -2.15647e+13
22437.6 5.14201e+13
22486.4 1.76841e+14
22535.2 3.22665e+14
22584 3.97853e+14
22632.8 2.45932e+14
22681.5 -3.17194e+14
22730.3 -1.38964e+15
22779.1 -2.77931e+15
22827.9 -3.74794e+15
22876.6 -2.84332e+15
22925.4 1.90344e+15
22974.2 1.20285e+16
23023 2.65991e+16
23071.8 3.91874e+16
23120.5 3.49996e+16
23169.3 -8.94869e+15
23218.1 -1.15683e+17
23266.9 -2.86297e+17
23315.6 -4.61303e+17
23364.4 -4.73611e+17
23413.2 -2.47448e+16
23462 1.24896e+18
23510.8 3.5194e+18
23559.5 6.22239e+18
23608.3 7.2444e+18
23657.1 2.1859e+18
23705.9 -1.53243e+19
23754.6 -5.04198e+19
23803.4 -9.83985e+19
23852.2 -1.29064e+20
23901 -6.70489e+19
23949.7 2.16782e+20
23998.5 8.65618e+20
24047.3 1.88249e+21
24096.1 2.78053e+21
24144.9 2.0135e+21
24193.6 -3.5909e+21
24242.4 -1.85557e+22
24291.2 -4.56477e+22
24340 -7.64268e+22
24388.7 -7.13496e+22
24437.5 7.02515e+22
24486.3 5.3088e+23
24535.1 1.51497e+24
24583.9 2.92806e+24
24632.6 3.44219e+24
24681.4 -1.53267e+24
24730.2 -2.30201e+25
24779 -8.01346e+25
24827.7 -1.87699e+26
24876.5 -2.8751e+26
24925.3 97.0097