0 692.624
6.66145 -4.05488e+25
13.3229 -2.63531e+25
19.9843 -1.11998e+25
26.6458 -3.20252e+24
33.3072 -2.12228e+23
39.9687 4.74385e+23
46.6301 4.01597e+23
53.2916 2.06778e+23
59.953 7.21032e+22
66.6145 9.49389e+21
73.2759 -9.59361e+21
79.9374 -1.02237e+22
86.5988 -6.07464e+21
93.2603 -2.45635e+21
99.9217 -4.72815e+20
106.583 2.63685e+20
113.245 3.62136e+20
119.906 2.43812e+20
126.568 1.11478e+20
133.229 2.77582e+19
139.89 -8.53549e+18
146.552 -1.63333e+19
153.213 -1.2378e+19
159.875 -6.304e+18
166.536 -1.90418e+18
173.198 2.69917e+17
179.859 8.88858e+17
186.521 7.58532e+17
193.182 4.26213e+17
199.843 1.50246e+17
206.505 -2.95656e+15
213.166 -5.61988e+16
219.828 -5.43555e+16
226.489 -3.34947e+16
233.151 -1.34363e+16
239.812 -1.03173e+15
246.474 4.00507e+15
253.135 4.45019e+15
259.796 2.99727e+15
266.458 1.34474e+15
273.119 2.11092e+14
279.781 -3.12754e+14
286.442 -4.08835e+14
293.104 -3.00611e+14
299.765 -1.49009e+14
306.427 -3.37138e+13
313.088 2.59057e+13
319.75 4.15267e+13
326.411 3.33659e+13
333.072 1.81134e+13
339.734 5.21593e+12
346.395 -2.1659e+12
353.057 -4.60408e+12
359.718 -4.0554e+12
366.38 -2.39617e+12
373.041 -8.25028e+11
379.703 1.63285e+11
386.364 5.50609e+11
393.025 5.34851e+11
399.687 3.42492e+11
406.348 1.35924e+11
413.01 -6.30347e+09
419.671 -7.01923e+10
426.333 -7.59174e+10
432.994 -5.25464e+10
439.656 -2.34765e+10
446.317 -1.60462e+09
452.978 9.41538e+09
459.64 1.15084e+10
466.301 8.59967e+09
472.963 4.2562e+09
479.624 6.8289e+08
486.286 -1.3077e+09
492.947 -1.8491e+09
499.609 -1.49199e+09
506.27 -8.087e+08
512.932 -1.92207e+08
519.593 1.83781e+08
526.254 3.124e+08
532.916 2.72622e+08
539.577 1.60482e+08
546.239 4.8887e+07
552.9 -2.51106e+07
559.562 -5.49993e+07
566.223 -5.20773e+07
572.885 -3.30834e+07
579.546 -1.20452e+07
586.207 3.04573e+06
592.869 9.98124e+06
599.53 1.03075e+07
606.192 7.03166e+06
612.853 2.93845e+06
619.515 -224844
626.176 -1.83818e+06
632.838 -2.08605e+06
639.499 -1.52093e+06
646.16 -708987
652.822 -35942.2
659.483 337473
666.145 425005
672.806 329753
679.468 168499
686.129 26225.3
692.791 -57847.1
699.452 -82432.1
706.114 -67118.4
712.775 -36027.4
719.436 -7406.21
726.098 9981.91
732.759 15510.1
739.421 13096.8
746.082 7647.64
752.744 2781.47
759.405 80.6244
766.067 -545.468
772.728 -17.9738
779.389 697.877
786.051 1041.01
792.712 931.407
799.374 601.121
806.035 350.93
812.697 366.406
819.358 651.738
826.02 1069.85
832.681 1437.21
839.342 1615.93
846.004 1564.72
852.665 1338.2
859.327 1047.57
865.988 807.634
872.65 693.629
879.311 721.895
885.973 856.116
892.634 1031
899.295 1181.04
905.957 1263.07
912.618 1266.17
919.28 1208.38
925.941 1124.31
932.603 1049.89
939.264 1010
945.926 1012.6
952.587 1049.64
959.249 1103.24
965.91 1153.67
972.571 1186.3
979.233 1195.33
985.894 1183.91
992.556 1161.24
999.217 1138.32
1005.88 1123.99
1012.54 1122.49
1019.2 1133.01
1025.86 1150.91
1032.52 1170.03
1039.19 1184.99
1045.85 1192.77
1052.51 1193.27
1059.17 1188.81
1065.83 1182.95
1072.49 1179.12
1079.15 1179.52
1085.82 1184.69
1092.48 1193.54
1099.14 1204.06
1105.8 1214.08
1112.46 1221.96
1119.12 1227.07
1125.78 1229.77
1132.45 1231.16
1139.11 1232.57
1145.77 1235.11
1152.43 1239.33
1159.09 1245.13
1165.75 1251.92
1172.41 1258.82
1179.08 1265.08
1185.74 1270.23
1192.4 1274.25
1199.06 1277.51
1205.72 1280.57
1212.38 1284.01
1219.05 1288.18
1225.71 1293.13
1232.37 1298.59
1239.03 1304.1
1245.69 1309.15
1252.35 1313.38
1259.01 1316.68
1265.68 1319.22
1272.34 1321.44
1279 1323.86
1285.66 1326.97
1292.32 1331.11
1298.98 1336.31
1305.64 1342.37
1312.31 1348.86
1318.97 1355.29
1325.63 1361.15
1332.29 1366.13
1338.95 1370.1
1345.61 1373.18
1352.27 1375.63
1358.94 1377.83
1365.6 1380.14
1372.26 1382.85
1378.92 1386.1
1385.58 1389.89
1392.24 1394.12
1398.9 1398.6
1405.57 1403.16
1412.23 1407.65
1418.89 1412.01
1425.55 1416.21
1432.21 1420.31
1438.87 1424.34
1445.53 1428.37
1452.2 1432.38
1458.86 1436.37
1465.52 1440.3
1472.18 1444.11
1478.84 1447.79
1485.5 1451.36
1492.16 1454.87
1498.83 1458.41
1505.49 1462.05
1512.15 1465.86
1518.81 1469.85
1525.47 1473.99
1532.13 1478.21
1538.79 1482.44
1545.46 1486.59
1552.12 1490.64
1558.78 1494.62
1565.44 1498.59
1572.1 1502.68
1578.76 1507
1585.42 1511.67
1592.09 1516.7
1598.75 1522.04
1605.41 1527.59
1612.07 1533.15
1618.73 1538.53
1625.39 1543.55
1632.05 1548.09
1638.72 1552.15
1645.38 1555.79
1652.04 1559.17
1658.7 1562.48
1665.36 1565.9
1672.02 1569.6
1678.68 1573.63
1685.35 1577.99
1692.01 1582.61
1698.67 1587.35
1705.33 1592.11
1711.99 1596.79
1718.65 1601.38
1725.32 1605.91
1731.98 1610.49
1738.64 1615.24
1745.3 1620.27
1751.96 1625.65
1758.62 1631.35
1765.28 1637.29
1771.95 1643.27
1778.61 1649.1
1785.27 1654.56
1791.93 1659.48
1798.59 1663.76
1805.25 1667.38
1811.91 1670.41
1818.58 1672.96
1825.24 1675.19
1831.9 1677.24
1838.56 1679.21
1845.22 1681.17
1851.88 1683.13
1858.54 1685.09
1865.21 1687.03
1871.87 1688.94
1878.53 1690.82
1885.19 1692.7
1891.85 1694.61
1898.51 1696.6
1905.17 1698.67
1911.84 1700.82
1918.5 1703.01
1925.16 1705.2
1931.82 1707.36
1938.48 1709.46
1945.14 1711.54
1951.8 1713.66
1958.47 1715.88
1965.13 1718.27
1971.79 1720.86
1978.45 1723.62
1985.11 1726.44
1991.77 1729.2
1998.43 1731.75
2005.1 1733.98
2011.76 1735.86
2018.42 1737.48
2025.08 1739
2031.74 1740.62
2038.4 1742.57
2045.06 1744.98
2051.73 1747.85
2058.39 1751.05
2065.05 1754.29
2071.71 1757.29
2078.37 1759.75
2085.03 1761.55
2091.69 1762.76
2098.36 1763.66
2105.02 1764.67
2111.68 1766.23
2118.34 1768.68
2125 1772.14
2131.66 1776.4
2138.32 1781.01
2144.99 1785.4
2151.65 1789.01
2158.31 1791.55
2164.97 1793.12
2171.63 1794.19
2178.29 1795.55
2184.95 1797.99
2191.62 1802.08
2198.28 1807.9
2204.94 1814.92
2211.6 1822.1
2218.26 1828.21
2224.92 1832.27
2231.59 1833.92
2238.25 1833.75
2244.91 1833.17
2251.57 1834.08
2258.23 1838.14
2264.89 1846.08
2271.55 1857.17
2278.22 1869.12
2284.88 1878.67
2291.54 1882.66
2298.2 1879.34
2304.86 1869.52
2311.52 1856.91
2318.18 1847.45
2324.85 1847.45
2331.51 1861.1
2338.17 1888.05
2344.83 1922.22
2351.49 1952.55
2358.15 1966.1
2364.81 1952.94
2371.48 1911.42
2378.14 1851.54
2384.8 1794.74
2391.46 1768.62
2398.12 1797.22
2404.78 1889.42
2411.44 2029.68
2418.11 2175.81
2424.77 2267.56
2431.43 2246.06
2438.09 2080.2
2444.75 1790.94
2451.41 1462.47
2458.07 1229.94
2464.74 1239.81
2471.4 1589.12
2478.06 2261.51
2484.72 3087.07
2491.38 3753.87
2498.04 3888.25
2504.7 3198.03
2511.37 1642.2
2518.03 -437.613
2524.69 -2300.69
2531.35 -2966.31
2538.01 -1557.64
2544.67 2239.69
2551.33 7760.58
2558 13197.9
2564.66 15895
2571.32 13184.2
2577.98 3653.81
2584.64 -11533.8
2591.3 -27867.8
2597.96 -37913.1
2604.63 -33366.9
2611.29 -8641.7
2617.95 34917.6
2624.61 85871.9
2631.27 122707
2637.93 118824
2644.59 52911.3
2651.26 -77304.3
2657.92 -242735
2664.58 -379030
2671.24 -398120
2677.9 -218818
2684.56 187196
2691.23 747756
2697.89 1.26421e+06
2704.55 1.43425e+06
2711.21 943408
2717.87 -376982
2724.53 -2.36372e+06
2731.19 -4.38598e+06
2737.86 -5.3657e+06
2744.52 -4.0511e+06
2751.18 426037
2757.84 7.80694e+06
2764.5 1.60442e+07
2771.16 2.11392e+07
2777.82 1.7933e+07
2784.49 2.12488e+06
2791.15 -2.66744e+07
2797.81 -6.17597e+07
2804.47 -8.76974e+07
2811.13 -8.23639e+07
2817.79 -2.43982e+07
2824.45 9.38436e+07
2831.12 2.50802e+08
2837.78 3.84542e+08
2844.44 3.95936e+08
2851.1 1.76392e+08
2857.76 -3.35331e+08
2864.42 -1.0758e+09
2871.08 -1.78731e+09
2877.75 -2.00435e+09
2884.41 -1.15469e+09
2891.07 1.18333e+09
2897.73 4.88134e+09
2904.39 8.83432e+09
2911.05 1.07461e+10
2917.71 7.46275e+09
2924.38 -3.82866e+09
2931.04 -2.34543e+10
2937.7 -4.65988e+10
2944.36 -6.13455e+10
2951.02 -4.93912e+10
2957.68 8.28699e+09
2964.34 1.19407e+11
2971.01 2.63306e+11
2977.67 3.74912e+11
2984.33 3.41735e+11
2990.99 3.0264e+10
2997.65 -6.43753e+11
3004.31 -1.60058e+12
3010.97 -2.46709e+12
3017.64 -2.50748e+12
3024.3 -7.34335e+11
3030.96 3.66506e+12
3037.62 1.05171e+13
3044.28 1.75908e+13
3050.94 1.97408e+13
3057.6 9.18174e+12
3064.27 -2.18663e+13
3070.93 -7.51085e+13
3077.59 -1.36875e+14
3084.25 -1.68565e+14
3090.91 -1.04072e+14
3097.57 1.34067e+14
3104.23 5.86651e+14
3110.9 1.17193e+15
3117.56 1.57851e+15
3124.22 1.19611e+15
3130.88 -7.99797e+14
3137.54 -5.04838e+15
3144.2 -1.11509e+16
3150.86 -1.64095e+16
3157.53 -1.46393e+16
3164.19 3.73878e+15
3170.85 4.82789e+16
3177.51 1.1935e+17
3184.17 1.92094e+17
3190.83 1.97004e+17
3197.5 1.02817e+16
3204.16 -5.18396e+17
3210.82 -1.4592e+18
3217.48 -2.57716e+18
3224.14 -2.99727e+18
3230.8 -9.03435e+17
3237.46 6.32693e+18
3244.13 2.07952e+19
3250.79 4.05418e+19
3257.45 5.3122e+19
3264.11 2.75688e+19
3270.77 -8.90454e+19
3277.43 -3.55204e+20
3284.09 -7.71704e+20
3290.76 -1.13871e+21
3297.42 -8.23775e+20
3304.08 1.46769e+21
3310.74 7.57681e+21
3317.4 1.86211e+22
3324.06 3.11469e+22
3330.72 2.905e+22
3337.39 -2.85757e+22
3344.05 -2.15738e+23
3350.71 -6.15075e+23
3357.37 -1.18767e+24
3364.03 -1.39492e+24
3370.69 6.20531e+23
3377.35 9.31157e+24
3384.02 3.23847e+25
3390.68 7.57859e+25
3397.34 1.15982e+26
3404 -2.22213e+13