0 692.624
6.66145 -4313.12
13.3229 -8082.05
19.9843 -10814.9
26.6458 -12686.7
33.3072 -13849.8
39.9687 -14435.8
46.6301 -14558.6
53.2916 -14315.7
59.953 -13790.2
66.6145 -13052.8
73.2759 -12163
79.9374 -11170.7
86.5988 -10117
93.2603 -9035.74
99.9217 -7954.23
106.583 -6894.2
113.245 -5872.57
119.906 -4902.17
126.568 -3992.3
133.229 -3149.33
139.89 -2377.13
146.552 -1677.57
153.213 -1050.79
159.875 -495.618
166.536 -9.78057
173.198 409.813
179.859 766.878
186.521 1065.57
193.182 1310.35
199.843 1505.81
206.505 1656.65
213.166 1767.49
219.828 1842.88
226.489 1887.22
233.151 1904.68
239.812 1899.23
246.474 1874.54
253.135 1834.06
259.796 1780.91
266.458 1717.96
273.119 1647.77
279.781 1572.64
286.442 1494.59
293.104 1415.39
299.765 1336.56
306.427 1259.39
313.088 1184.96
319.75 1114.14
326.411 1047.64
333.072 985.968
339.734 929.519
346.395 878.537
353.057 833.152
359.718 793.391
366.38 759.193
373.041 730.42
379.703 706.871
386.364 688.296
393.025 674.401
399.687 664.861
406.348 659.331
413.01 657.447
419.671 658.841
426.333 663.141
432.994 669.98
439.656 678.999
446.317 689.851
452.978 702.204
459.64 715.746
466.301 730.181
472.963 745.241
479.624 760.674
486.286 776.256
492.947 791.786
499.609 807.084
506.27 821.997
512.932 836.391
519.593 850.156
526.254 863.203
532.916 875.461
539.577 886.88
546.239 897.424
552.9 907.075
559.562 915.829
566.223 923.694
572.885 930.689
579.546 936.844
586.207 942.198
592.869 946.796
599.53 950.688
606.192 953.931
612.853 956.585
619.515 958.709
626.176 960.369
632.838 961.627
639.499 962.546
646.16 963.189
652.822 963.616
659.483 963.884
666.145 964.049
672.806 964.162
679.468 964.272
686.129 964.424
692.791 964.657
699.452 965.007
706.114 965.506
712.775 966.183
719.436 967.06
726.098 968.157
732.759 969.488
739.421 971.065
746.082 972.897
752.744 974.986
759.405 977.334
766.067 979.939
772.728 982.796
779.389 985.897
786.051 989.235
792.712 992.796
799.374 996.569
806.035 1000.54
812.697 1004.69
819.358 1009.01
826.02 1013.48
832.681 1018.08
839.342 1022.79
846.004 1027.61
852.665 1032.5
859.327 1037.46
865.988 1042.47
872.65 1047.52
879.311 1052.59
885.973 1057.67
892.634 1062.74
899.295 1067.8
905.957 1072.84
912.618 1077.84
919.28 1082.8
925.941 1087.72
932.603 1092.59
939.264 1097.41
945.926 1102.17
952.587 1106.87
959.249 1111.51
965.91 1116.1
972.571 1120.63
979.233 1125.11
985.894 1129.53
992.556 1133.91
999.217 1138.25
1005.88 1142.54
1012.54 1146.81
1019.2 1151.04
1025.86 1155.26
1032.52 1159.45
1039.19 1163.63
1045.85 1167.81
1052.51 1171.99
1059.17 1176.17
1065.83 1180.36
1072.49 1184.57
1079.15 1188.79
1085.82 1193.03
1092.48 1197.3
1099.14 1201.6
1105.8 1205.92
1112.46 1210.28
1119.12 1214.68
1125.78 1219.1
1132.45 1223.56
1139.11 1228.06
1145.77 1232.58
1152.43 1237.14
1159.09 1241.73
1165.75 1246.35
1172.41 1250.99
1179.08 1255.65
1185.74 1260.33
1192.4 1265.02
1199.06 1269.72
1205.72 1274.43
1212.38 1279.14
1219.05 1283.85
1225.71 1288.55
1232.37 1293.23
1239.03 1297.91
1245.69 1302.56
1252.35 1307.18
1259.01 1311.78
1265.68 1316.34
1272.34 1320.87
1279 1325.36
1285.66 1329.81
1292.32 1334.21
1298.98 1338.57
1305.64 1342.88
1312.31 1347.14
1318.97 1351.35
1325.63 1355.5
1332.29 1359.61
1338.95 1363.67
1345.61 1367.69
1352.27 1371.65
1358.94 1375.58
1365.6 1379.46
1372.26 1383.3
1378.92 1387.1
1385.58 1390.88
1392.24 1394.63
1398.9 1398.35
1405.57 1402.06
1412.23 1405.76
1418.89 1409.44
1425.55 1413.12
1432.21 1416.81
1438.87 1420.5
1445.53 1424.21
1452.2 1427.93
1458.86 1431.68
1465.52 1435.46
1472.18 1439.27
1478.84 1443.12
1485.5 1447.01
1492.16 1450.95
1498.83 1454.95
1505.49 1458.99
1512.15 1463.1
1518.81 1467.26
1525.47 1471.49
1532.13 1475.79
1538.79 1480.15
1545.46 1484.58
1552.12 1489.07
1558.78 1493.63
1565.44 1498.26
1572.1 1502.95
1578.76 1507.7
1585.42 1512.51
1592.09 1517.38
1598.75 1522.3
1605.41 1527.27
1612.07 1532.28
1618.73 1537.34
1625.39 1542.42
1632.05 1547.54
1638.72 1552.67
1645.38 1557.82
1652.04 1562.98
1658.7 1568.14
1665.36 1573.29
1672.02 1578.43
1678.68 1583.54
1685.35 1588.63
1692.01 1593.68
1698.67 1598.69
1705.33 1603.64
1711.99 1608.53
1718.65 1613.36
1725.32 1618.12
1731.98 1622.79
1738.64 1627.38
1745.3 1631.87
1751.96 1636.27
1758.62 1640.57
1765.28 1644.75
1771.95 1648.83
1778.61 1652.79
1785.27 1656.63
1791.93 1660.35
1798.59 1663.95
1805.25 1667.42
1811.91 1670.77
1818.58 1674
1825.24 1677.1
1831.9 1680.08
1838.56 1682.94
1845.22 1685.68
1851.88 1688.31
1858.54 1690.83
1865.21 1693.24
1871.87 1695.55
1878.53 1697.76
1885.19 1699.89
1891.85 1701.93
1898.51 1703.89
1905.17 1705.78
1911.84 1707.61
1918.5 1709.38
1925.16 1711.11
1931.82 1712.79
1938.48 1714.44
1945.14 1716.07
1951.8 1717.69
1958.47 1719.29
1965.13 1720.9
1971.79 1722.51
1978.45 1724.14
1985.11 1725.79
1991.77 1727.48
1998.43 1729.2
2005.1 1730.96
2011.76 1732.77
2018.42 1734.63
2025.08 1736.56
2031.74 1738.55
2038.4 1740.6
2045.06 1742.73
2051.73 1744.93
2058.39 1747.21
2065.05 1749.57
2071.71 1752
2078.37 1754.52
2085.03 1757.12
2091.69 1759.79
2098.36 1762.55
2105.02 1765.38
2111.68 1768.29
2118.34 1771.28
2125 1774.33
2131.66 1777.45
2138.32 1780.64
2144.99 1783.88
2151.65 1787.19
2158.31 1790.54
2164.97 1793.95
2171.63 1797.39
2178.29 1800.88
2184.95 1804.41
2191.62 1807.97
2198.28 1811.55
2204.94 1815.16
2211.6 1818.79
2218.26 1822.44
2224.92 1826.1
2231.59 1829.78
2238.25 1833.47
2244.91 1837.17
2251.57 1840.88
2258.23 1844.59
2264.89 1848.32
2271.55 1852.05
2278.22 1855.79
2284.88 1859.55
2291.54 1863.32
2298.2 1867.11
2304.86 1870.91
2311.52 1874.74
2318.18 1878.6
2324.85 1882.5
2331.51 1886.43
2338.17 1890.4
2344.83 1894.42
2351.49 1898.5
2358.15 1902.63
2364.81 1906.82
2371.48 1911.09
2378.14 1915.43
2384.8 1919.84
2391.46 1924.34
2398.12 1928.92
2404.78 1933.59
2411.44 1938.35
2418.11 1943.2
2424.77 1948.15
2431.43 1953.18
2438.09 1958.3
2444.75 1963.51
2451.41 1968.79
2458.07 1974.16
2464.74 1979.58
2471.4 1985.07
2478.06 1990.61
2484.72 1996.18
2491.38 2001.78
2498.04 2007.39
2504.7 2012.99
2511.37 2018.57
2518.03 2024.1
2524.69 2029.58
2531.35 2034.98
2538.01 2040.27
2544.67 2045.44
2551.33 2050.46
2558 2055.32
2564.66 2059.99
2571.32 2064.44
2577.98 2068.66
2584.64 2072.62
2591.3 2076.31
2597.96 2079.71
2604.63 2082.79
2611.29 2085.56
2617.95 2087.98
2624.61 2090.07
2631.27 2091.8
2637.93 2093.18
2644.59 2094.22
2651.26 2094.9
2657.92 2095.26
2664.58 2095.29
2671.24 2095.03
2677.9 2094.49
2684.56 2093.71
2691.23 2092.73
2697.89 2091.58
2704.55 2090.31
2711.21 2088.98
2717.87 2087.65
2724.53 2086.37
2731.19 2085.23
2737.86 2084.29
2744.52 2083.63
2751.18 2083.34
2757.84 2083.5
2764.5 2084.19
2771.16 2085.51
2777.82 2087.54
2784.49 2090.38
2791.15 2094.12
2797.81 2098.83
2804.47 2104.6
2811.13 2111.5
2817.79 2119.6
2824.45 2128.96
2831.12 2139.63
2837.78 2151.65
2844.44 2165.02
2851.1 2179.77
2857.76 2195.88
2864.42 2213.3
2871.08 2232
2877.75 2251.89
2884.41 2272.87
2891.07 2294.8
2897.73 2317.54
2904.39 2340.89
2911.05 2364.64
2917.71 2388.53
2924.38 2412.29
2931.04 2435.6
2937.7 2458.13
2944.36 2479.49
2951.02 2499.28
2957.68 2517.08
2964.34 2532.43
2971.01 2544.85
2977.67 2553.86
2984.33 2558.95
2990.99 2559.61
2997.65 2555.33
3004.31 2545.6
3010.97 2529.96
3017.64 2507.92
3024.3 2479.09
3030.96 2443.08
3037.62 2399.58
3044.28 2348.37
3050.94 2289.31
3057.6 2222.36
3064.27 2147.63
3070.93 2065.35
3077.59 1975.93
3084.25 1879.95
3090.91 1778.21
3097.57 1671.73
3104.23 1561.77
3110.9 1449.85
3117.56 1337.8
3124.22 1227.73
3130.88 1122.1
3137.54 1023.66
3144.2 935.572
3150.86 861.307
3157.53 804.721
3164.19 770.03
3170.85 761.802
3177.51 784.946
3184.17 844.688
3190.83 946.534
3197.5 1096.22
3204.16 1299.67
3210.82 1562.89
3217.48 1891.89
3224.14 2292.56
3230.8 2770.53
3237.46 3331.02
3244.13 3978.62
3250.79 4717.04
3257.45 5548.88
3264.11 6475.3
3270.77 7495.64
3277.43 8607.03
3284.09 9803.9
3290.76 11077.4
3297.42 12415
3304.08 13799.3
3310.74 15208
3317.4 16612.2
3324.06 17976.1
3330.72 19255.5
3337.39 20396.7
3344.05 21335
3350.71 21993.6
3357.37 22281.4
3364.03 22091.2
3370.69 21298.1
3377.35 19756.7
3384.02 17298.6
3390.68 13730.2
3397.34 8828.73
3404 2339.81