0 60.2901
1.13238 60.2892
2.26477 60.2879
3.39715 60.2862
4.52953 60.2854
5.66192 60.2873
6.7943 60.2426
7.92668 60.2902
9.05907 60.3256
10.1915 60.2922
11.3238 60.2673
12.4562 60.2931
13.5886 60.3257
14.721 60.3215
15.8534 60.2933
16.9858 60.2793
18.1181 60.293
19.2505 60.3138
20.3829 60.3153
21.5153 60.2916
22.6477 60.2585
23.7801 60.235
24.9124 60.2265
26.0448 60.2233
27.1772 60.2103
28.3096 60.1802
29.442 60.1376
30.5744 60.0938
31.7067 60.0586
32.8391 60.0335
33.9715 60.0118
35.1039 59.9837
36.2363 59.9426
37.3687 59.8888
38.501 59.8293
39.6334 59.7732
40.7658 59.7277
41.8982 59.6949
43.0306 59.6717
44.163 59.6526
45.2953 59.6321
46.4277 59.608
47.5601 59.5814
48.6925 59.5554
49.8249 59.5337
50.9573 59.5179
52.0896 59.5069
53.222 59.4977
54.3544 59.4864
55.4868 59.4704
56.6192 59.4493
57.7516 59.4251
58.8839 59.4013
60.0163 59.3819
61.1487 59.3693
62.2811 59.3641
63.4135 59.3646
64.5459 59.3682
65.6782 59.3726
66.8106 59.3769
67.943 59.3831
69.0754 59.3955
70.2078 59.4201
71.3402 59.463
72.4725 59.5287
73.6049 59.6184
74.7373 59.7296
75.8697 59.8563
77.0021 59.9894
78.1345 60.119
79.2668 60.2356
80.3992 60.332
81.5316 60.4044
82.664 60.4521
83.7964 60.4779
84.9288 60.4867
86.0611 60.4841
87.1935 60.4757
88.3259 60.4658
89.4583 60.457
90.5907 60.4499
91.7231 60.4439
92.8554 60.4377
93.9878 60.4295
95.1202 60.4183
96.2526 60.4038
97.385 60.3865
98.5174 60.3678
99.6497 60.3495
100.782 60.3333
101.915 60.321
103.047 60.3136
104.179 60.3116
105.312 60.315
106.444 60.3233
107.576 60.336
108.709 60.3526
109.841 60.3724
110.974 60.3952
112.106 60.4205
113.238 60.4479
114.371 60.4766
115.503 60.5058
116.636 60.5343
117.768 60.5607
118.9 60.5837
120.033 60.6023
121.165 60.6161
122.297 60.6252
123.43 60.6304
124.562 60.6333
125.695 60.6359
126.827 60.6406
127.959 60.6492
129.092 60.6636
130.224 60.6844
131.356 60.7116
132.489 60.7441
133.621 60.78
134.754 60.8169
135.886 60.8521
137.018 60.8829
138.151 60.9072
139.283 60.9236
140.416 60.9317
141.548 60.9321
142.68 60.9259
143.813 60.9152
144.945 60.9023
146.077 60.8893
147.21 60.8783
148.342 60.8707
149.475 60.8673
150.607 60.8682
151.739 60.8731
152.872 60.881
154.004 60.8907
155.137 60.9011
156.269 60.9112
157.401 60.9204
158.534 60.9285
159.666 60.9358
160.798 60.9428
161.931 60.9505
163.063 60.9599
164.196 60.9718
165.328 60.987
166.46 61.006
167.593 61.029
168.725 61.0557
169.858 61.0857
170.99 61.1182
172.122 61.1526
173.255 61.1879
174.387 61.2236
175.519 61.259
176.652 61.2938
177.784 61.3277
178.917 61.3607
180.049 61.393
181.181 61.4244
182.314 61.4552
183.446 61.4854
184.579 61.5148
185.711 61.5432
186.843 61.5706
187.976 61.5966
189.108 61.621
190.24 61.6436
191.373 61.6643
192.505 61.6831
193.638 61.7003
194.77 61.7161
195.902 61.7308
197.035 61.7449
198.167 61.7589
199.299 61.7731
200.432 61.7881
201.564 61.804
202.697 61.8211
203.829 61.8394
204.961 61.8591
206.094 61.8798
207.226 61.9017
208.359 61.9243
209.491 61.9476
210.623 61.9712
211.756 61.9948
212.888 62.0182
214.02 62.0412
215.153 62.0634
216.285 62.0845
217.418 62.1044
218.55 62.1228
219.682 62.1395
220.815 62.1546
221.947 62.1679
223.08 62.1796
224.212 62.1899
225.344 62.1991
226.477 62.2077
227.609 62.216
228.741 62.2245
229.874 62.2337
231.006 62.244
232.139 62.2557
233.271 62.2688
234.403 62.2836
235.536 62.2999
236.668 62.3174
237.801 62.336
238.933 62.3553
240.065 62.3748
241.198 62.3942
242.33 62.4133
243.462 62.4317
244.595 62.4492
245.727 62.4658
246.86 62.4812
247.992 62.4954
249.124 62.5084
250.257 62.52
251.389 62.53
252.522 62.5382
253.654 62.5443
254.786 62.5481
255.919 62.5492
257.051 62.5473
258.183 62.5423
259.316 62.534
260.448 62.5226
261.581 62.5082
262.713 62.4914
263.845 62.4725
264.978 62.4521
266.11 62.431
267.243 62.4095
268.375 62.3883
269.507 62.3675
270.64 62.3473
271.772 62.3275
272.904 62.3078
274.037 62.2876
275.169 62.2663
276.302 62.2431
277.434 62.2172
278.566 62.1883
279.699 62.1559
280.831 62.1199
281.963 62.0806
283.096 62.0386
284.228 61.9947
285.361 61.95
286.493 61.9057
287.625 61.8633
288.758 61.8238
289.89 61.7885
291.023 61.7581
292.155 61.7332
293.287 61.7141
294.42 61.7006
295.552 61.6922
296.684 61.6882
297.817 61.6878
298.949 61.6901
300.082 61.6941
301.214 61.6991
302.346 61.7046
303.479 61.7102
304.611 61.7157
305.744 61.7214
306.876 61.7276
308.008 61.7348
309.141 61.7434
310.273 61.754
311.405 61.767
312.538 61.7824
313.67 61.8004
314.803 61.8206
315.935 61.8424
317.067 61.8653
318.2 61.8885
319.332 61.911
320.465 61.9319
321.597 61.9507
322.729 61.9666
323.862 61.9794
324.994 61.9889
326.126 61.9951
327.259 61.9985
328.391 61.9995
329.524 61.9987
330.656 61.9968
331.788 61.9943
332.921 61.9918
334.053 61.9895
335.186 61.9877
336.318 61.9864
337.45 61.9854
338.583 61.9844
339.715 61.9829
340.847 61.9806
341.98 61.9768
343.112 61.9713
344.245 61.9636
345.377 61.9537
346.509 61.9415
347.642 61.9271
348.774 61.9108
349.907 61.8929
351.039 61.8739
352.171 61.8542
353.304 61.8343
354.436 61.8147
355.568 61.7957
356.701 61.7776
357.833 61.7608
358.966 61.7454
360.098 61.7316
361.23 61.7195
362.363 61.7093
363.495 61.7011
364.627 61.6948
365.76 61.6906
366.892 61.6885
368.025 61.6884
369.157 61.6902
370.289 61.6938
371.422 61.6989
372.554 61.7052
373.687 61.7121
374.819 61.7193
375.951 61.7261
377.084 61.7321
378.216 61.7368
379.348 61.7397
380.481 61.7407
381.613 61.7394
382.746 61.7359
383.878 61.7303
385.01 61.7226
386.143 61.713
387.275 61.7018
388.408 61.6891
389.54 61.6749
390.672 61.6592
391.805 61.6417
392.937 61.6223
394.069 61.6004
395.202 61.5757
396.334 61.5477
397.467 61.5163
398.599 61.4813
399.731 61.4429
400.864 61.4013
401.996 61.3573
403.129 61.3117
404.261 61.2656
405.393 61.2202
406.526 61.1767
407.658 61.1364
408.79 61.1001
409.923 61.0687
411.055 61.0427
412.188 61.0224
413.32 61.0076
414.452 60.9981
415.585 60.9934
416.717 60.993
417.85 60.9962
418.982 61.0026
420.114 61.0118
421.247 61.0235
422.379 61.0376
423.511 61.0541
424.644 61.0731
425.776 61.0945
426.909 61.1184
428.041 61.1447
429.173 61.173
430.306 61.2027
431.438 61.2333
432.571 61.2637
433.703 61.2932
434.835 61.3206
435.968 61.3451
437.1 61.3658
438.232 61.3818
439.365 61.3929
440.497 61.3985
441.63 61.3985
442.762 61.3929
443.894 61.382
445.027 61.3661
446.159 61.3456
447.291 61.3211
448.424 61.2932
449.556 61.2629
450.689 61.2308
451.821 61.1981
452.953 61.1657
454.086 61.1344
455.218 61.1053
456.351 61.0791
457.483 61.0561
458.615 61.0365
459.748 61.0204
460.88 61.0074
462.012 60.9969
463.145 60.9883
464.277 60.981
465.41 60.9744
466.542 60.9682
467.674 60.9625
468.807 60.9575
469.939 60.9537
471.072 60.9518
472.204 60.9526
473.336 60.9565
474.469 60.9641
475.601 60.9754
476.733 60.99
477.866 61.0075
478.998 61.027
480.131 61.0476
481.263 61.0685
482.395 61.0889
483.528 61.1085
484.66 61.1271
485.793 61.1447
486.925 61.1617
488.057 61.1782
489.19 61.1945
490.322 61.2108
491.454 61.2271
492.587 61.2432
493.719 61.2589
494.852 61.2738
495.984 61.2876
497.116 61.3002
498.249 61.3111
499.381 61.3204
500.514 61.3276
501.646 61.3326
502.778 61.3347
503.911 61.3335
505.043 61.3285
506.175 61.3192
507.308 61.3057
508.44 61.2879
509.573 61.2663
510.705 61.2416
511.837 61.2146
512.97 61.1857
514.102 61.1553
515.235 61.1235
516.367 61.0901
517.499 61.0549
518.632 61.0181
519.764 60.9801
520.896 60.9421
522.029 60.9055
523.161 60.8724
524.294 60.8442
525.426 60.8221
526.558 60.8064
527.691 60.7965
528.823 60.791
529.955 60.7886
531.088 60.788
532.22 60.7885
533.353 60.7902
534.485 60.7938
535.617 60.8004
536.75 60.8108
537.882 60.8257
539.015 60.8447
540.147 60.867
541.279 60.8911
542.412 60.9149
543.544 60.9359
544.676 60.9519
545.809 60.9612
546.941 60.9638
548.074 60.9613
549.206 60.9573
550.338 60.9557
551.471 60.9588
552.603 60.9657
553.736 60.9722
554.868 60.9729
556 60.9648
557.133 60.9499
558.265 60.9347
559.397 60.9248
560.53 60.9205
561.662 60.9156
562.795 60.9038
563.927 60.8857
565.059 60.8689
566.192 60.8576
567.324 60.8447
568.457 60.8214
569.589 60.796
570.721 60.7844
571.854 60.7752
572.986 60.7466
574.118 60.7294
575.251 60.7126
576.383 60.6956
577.516 60.6786
578.648 60.6615