0 30.5076
48.7775 1335.58
97.555 2327.18
146.332 3054.44
195.11 3560.51
243.887 3883.08
292.665 4055.03
341.442 4104.86
390.22 4057.21
438.997 3933.28
487.775 3751.19
536.552 3526.32
585.33 3271.68
634.107 2998.14
682.885 2714.71
731.662 2428.78
780.44 2146.32
829.217 1872.06
877.995 1609.67
926.772 1361.91
975.55 1130.77
1024.33 917.542
1073.1 723.005
1121.88 547.454
1170.66 390.807
1219.44 252.674
1268.21 132.419
1316.99 29.2177
1365.77 -57.9009
1414.55 -130.009
1463.32 -188.247
1512.1 -233.794
1560.88 -267.843
1609.66 -291.579
1658.43 -306.166
1707.21 -312.728
1755.99 -312.342
1804.77 -306.028
1853.54 -294.743
1902.32 -279.38
1951.1 -260.759
1999.88 -239.631
2048.65 -216.677
2097.43 -192.508
2146.21 -167.665
2194.99 -142.625
2243.76 -117.802
2292.54 -93.5494
2341.32 -70.166
2390.1 -47.8971
2438.87 -26.9399
2487.65 -7.44739
2536.43 10.4683
2585.21 26.7313
2633.98 41.2986
2682.76 54.1563
2731.54 65.3158
2780.32 74.8105
2829.09 82.6928
2877.87 89.0306
2926.65 93.9051
2975.43 97.4075
3024.2 99.6372
3072.98 100.699
3121.76 100.702
3170.54 99.7569
3219.31 97.9743
3268.09 95.4645
3316.87 92.3351
3365.65 88.6905
3414.42 84.6308
3463.2 80.2511
3511.98 75.6411
3560.76 70.8843
3609.53 66.0579
3658.31 61.2324
3707.09 56.4715
3755.87 51.8322
3804.64 47.3646
3853.42 43.1123
3902.2 39.1121
3950.98 35.3946
3999.75 31.9846
4048.53 28.9007
4097.31 26.1566
4146.09 23.7604
4194.86 21.7159
4243.64 20.0225
4292.42 18.6757
4341.2 17.6674
4389.97 16.9864
4438.75 16.6189
4487.53 16.5486
4536.31 16.7572
4585.08 17.2251
4633.86 17.9309
4682.64 18.8527
4731.42 19.9676
4780.19 21.2527
4828.97 22.6847
4877.75 24.2405
4926.53 25.8975
4975.3 27.6334
5024.08 29.4269
5072.86 31.2575
5121.64 33.1056
5170.41 34.953
5219.19 36.7824
5267.97 38.5782
5316.75 40.3259
5365.52 42.0125
5414.3 43.6265
5463.08 45.1577
5511.86 46.5974
5560.63 47.9385
5609.41 49.1751
5658.19 50.3028
5706.97 51.3183
5755.74 52.2198
5804.52 53.0067
5853.3 53.6793
5902.08 54.2392
5950.85 54.6888
5999.63 55.0315
6048.41 55.2714
6097.19 55.4135
6145.96 55.4634
6194.74 55.4271
6243.52 55.3111
6292.3 55.1225
6341.07 54.8686
6389.85 54.5567
6438.63 54.1946
6487.41 53.79
6536.18 53.3506
6584.96 52.8841
6633.74 52.398
6682.52 51.8998
6731.29 51.3965
6780.07 50.8952
6828.85 50.4024
6877.63 49.9242
6926.4 49.4667
6975.18 49.0351
7023.96 48.6345
7072.74 48.2695
7121.51 47.9442
7170.29 47.6621
7219.07 47.4264
7267.85 47.2398
7316.62 47.1043
7365.4 47.0217
7414.18 46.9931
7462.96 47.0194
7511.73 47.1009
7560.51 47.2373
7609.29 47.4282
7658.07 47.6727
7706.84 47.9695
7755.62 48.3169
7804.4 48.713
7853.18 49.1556
7901.95 49.6422
7950.73 50.17
7999.51 50.736
8048.29 51.3372
8097.06 51.9703
8145.84 52.6318
8194.62 53.3182
8243.4 54.0261
8292.17 54.7516
8340.95 55.4913
8389.73 56.2414
8438.51 56.9983
8487.28 57.7585
8536.06 58.5184
8584.84 59.2746
8633.62 60.0238
8682.39 60.7629
8731.17 61.4887
8779.95 62.1983
8828.73 62.889
8877.5 63.5582
8926.28 64.2035
8975.06 64.8227
9023.84 65.4137
9072.61 65.9748
9121.39 66.5043
9170.17 67.0008
9218.95 67.4631
9267.72 67.8901
9316.5 68.2811
9365.28 68.6354
9414.06 68.9525
9462.83 69.2324
9511.61 69.4748
9560.39 69.68
9609.17 69.8482
9657.94 69.9799
9706.72 70.0757
9755.5 70.1364
9804.28 70.1628
9853.05 70.1559
9901.83 70.117
9950.61 70.0472
9999.39 69.9479
10048.2 69.8204
10096.9 69.6664
10145.7 69.4874
10194.5 69.2849
10243.3 69.0608
10292.1 68.8166
10340.8 68.5541
10389.6 68.2752
10438.4 67.9815
10487.2 67.6748
10535.9 67.3569
10584.7 67.0295
10633.5 66.6944
10682.3 66.3534
10731 66.008
10779.8 65.6599
10828.6 65.3107
10877.4 64.9619
10926.2 64.6151
10974.9 64.2718
11023.7 63.9331
11072.5 63.6006
11121.3 63.2755
11170 62.9589
11218.8 62.6519
11267.6 62.3557
11316.4 62.0712
11365.2 61.7993
11413.9 61.5408
11462.7 61.2966
11511.5 61.0673
11560.3 60.8535
11609 60.6559
11657.8 60.4748
11706.6 60.3108
11755.4 60.1641
11804.2 60.0351
11852.9 59.924
11901.7 59.831
11950.5 59.7561
11999.3 59.6994
12048 59.661
12096.8 59.6406
12145.6 59.6384
12194.4 59.6539
12243.1 59.6871
12291.9 59.7377
12340.7 59.8054
12389.5 59.8898
12438.3 59.9905
12487 60.1072
12535.8 60.2392
12584.6 60.3863
12633.4 60.5477
12682.1 60.723
12730.9 60.9115
12779.7 61.1127
12828.5 61.3258
12877.3 61.5502
12926 61.7851
12974.8 62.03
13023.6 62.2839
13072.4 62.5463
13121.1 62.8162
13169.9 63.0929
13218.7 63.3756
13267.5 63.6635
13316.3 63.9558
13365 64.2516
13413.8 64.5501
13462.6 64.8505
13511.4 65.1519
13560.1 65.4535
13608.9 65.7545
13657.7 66.054
13706.5 66.3513
13755.3 66.6455
13804 66.9359
13852.8 67.2216
13901.6 67.502
13950.4 67.7763
13999.1 68.0438
14047.9 68.3038
14096.7 68.5558
14145.5 68.799
14194.2 69.0329
14243 69.257
14291.8 69.4708
14340.6 69.6738
14389.4 69.8656
14438.1 70.0458
14486.9 70.2142
14535.7 70.3705
14584.5 70.5145
14633.2 70.646
14682 70.765
14730.8 70.8713
14779.6 70.9651
14828.4 71.0465
14877.1 71.1155
14925.9 71.1724
14974.7 71.2174
15023.5 71.2508
15072.2 71.2731
15121 71.2847
15169.8 71.2861
15218.6 71.2778
15267.4 71.2604
15316.1 71.2346
15364.9 71.201
15413.7 71.1605
15462.5 71.1138
15511.2 71.0617
15560 71.0051
15608.8 70.9448
15657.6 70.8819
15706.4 70.817
15755.1 70.7514
15803.9 70.6858
15852.7 70.6212
15901.5 70.5587
15950.2 70.4991
15999 70.4433
16047.8 70.3924
16096.6 70.3472
16145.3 70.3085
16194.1 70.2773
16242.9 70.2542
16291.7 70.2402
16340.5 70.2358
16389.2 70.2419
16438 70.2588
16486.8 70.2873
16535.6 70.3279
16584.3 70.3808
16633.1 70.4466
16681.9 70.5255
16730.7 70.6177
16779.5 70.7234
16828.2 70.8426
16877 70.9755
16925.8 71.1219
16974.6 71.2818
17023.3 71.4549
17072.1 71.641
17120.9 71.8398
17169.7 72.0511
17218.5 72.2744
17267.2 72.5092
17316 72.7551
17364.8 73.0116
17413.6 73.2783
17462.3 73.5545
17511.1 73.8396
17559.9 74.1333
17608.7 74.4349
17657.5 74.744
17706.2 75.0599
17755 75.3823
17803.8 75.7108
17852.6 76.0449
17901.3 76.3843
17950.1 76.7288
17998.9 77.0782
18047.7 77.4323
18096.4 77.791
18145.2 78.1545
18194 78.5227
18242.8 78.896
18291.6 79.2744
18340.3 79.6585
18389.1 80.0485
18437.9 80.445
18486.7 80.8486
18535.4 81.2598
18584.2 81.6793
18633 82.1078
18681.8 82.5461
18730.6 82.9949
18779.3 83.4548
18828.1 83.9267
18876.9 84.4112
18925.7 84.9089
18974.4 85.4204
19023.2 85.946
19072 86.486
19120.8 87.0405
19169.6 87.6096
19218.3 88.1929
19267.1 88.7899
19315.9 89.3999
19364.7 90.0218
19413.4 90.6542
19462.2 91.2955
19511 91.9437
19559.8 92.5961
19608.6 93.2502
19657.3 93.9025
19706.1 94.5494
19754.9 95.1868
19803.7 95.8103
19852.4 96.4148
19901.2 96.9949
19950 97.545
19998.8 98.0588
20047.5 98.5297
20096.3 98.951
20145.1 99.3154
20193.9 99.6157
20242.7 99.8442
20291.4 99.9932
20340.2 100.055
20389 100.022
20437.8 99.8875
20486.5 99.6432
20535.3 99.2825
20584.1 98.7993
20632.9 98.1877
20681.7 97.4428
20730.4 96.5605
20779.2 95.5378
20828 94.373
20876.8 93.0656
20925.5 91.6168
20974.3 90.0293
21023.1 88.308
21071.9 86.4595
21120.7 84.4927
21169.4 82.4187
21218.2 80.2514
21267 78.0068
21315.8 75.7038
21364.5 73.3641
21413.3 71.012
21462.1 68.6748
21510.9 66.3824
21559.7 64.1675
21608.4 62.0656
21657.2 60.1144
21706 58.3541
21754.8 56.8268
21803.5 55.5762
21852.3 54.6476
21901.1 54.0867
21949.9 53.9397
21998.6 54.2525
22047.4 55.0694
22096.2 56.4333
22145 58.3839
22193.8 60.9569
22242.5 64.1833
22291.3 68.0873
22340.1 72.686
22388.9 77.9871
22437.6 83.9879
22486.4 90.6734
22535.2 98.0147
22584 105.967
22632.8 114.469
22681.5 123.438
22730.3 132.773
22779.1 142.346
22827.9 152.008
22876.6 161.58
22925.4 170.858
22974.2 179.605
23023 187.554
23071.8 194.407
23120.5 199.833
23169.3 203.468
23218.1 204.916
23266.9 203.749
23315.6 199.512
23364.4 191.721
23413.2 179.871
23462 163.44
23510.8 141.893
23559.5 114.695
23608.3 81.3157
23657.1 41.2468
23705.9 -5.98701
23754.6 -60.8093
23803.4 -123.571
23852.2 -194.529
23901 -273.814
23949.7 -361.401
23998.5 -457.076
24047.3 -560.385
24096.1 -670.594
24144.9 -786.631
24193.6 -907.023
24242.4 -1029.83
24291.2 -1152.55
24340 -1272.06
24388.7 -1384.5
24437.5 -1485.15
24486.3 -1568.31
24535.1 -1627.2
24583.9 -1653.73
24632.6 -1638.43
24681.4 -1570.16
24730.2 -1435.96
24779 -1220.82
24827.7 -907.384
24876.5 -475.725
24925.3 97.0097