0 68.3907
225.667 1.11784e+13
451.335 1.42491e+13
677.002 1.33432e+13
902.67 1.0829e+13
1128.34 7.97908e+12
1354 5.40775e+12
1579.67 3.35122e+12
1805.34 1.84294e+12
2031.01 8.19409e+11
2256.67 1.81253e+11
2482.34 -1.7394e+11
2708.01 -3.3592e+11
2933.68 -3.76069e+11
3159.34 -3.47107e+11
3385.01 -2.85404e+11
3610.68 -2.14255e+11
3836.35 -1.472e+11
4062.01 -9.09609e+10
4287.68 -4.78071e+10
4513.35 -1.73444e+10
4739.02 2.21224e+09
4964.68 1.31895e+10
5190.35 1.79325e+10
5416.02 1.85171e+10
5641.69 1.66224e+10
5867.35 1.35062e+10
6093.02 1.00404e+10
6318.69 6.77403e+09
6544.36 4.00683e+09
6770.02 1.85885e+09
6995.69 3.3116e+08
7221.36 -6.45692e+08
7447.03 -1.17542e+09
7672.69 -1.37082e+09
7898.36 -1.33782e+09
8124.03 -1.16662e+09
8349.7 -9.28062e+08
8575.36 -6.73462e+08
8801.03 -4.3661e+08
9026.7 -2.36803e+08
9252.37 -8.22503e+07
9478.03 2.66598e+07
9703.7 9.45169e+07
9929.37 1.28588e+08
10155 1.37096e+08
10380.7 1.28024e+08
10606.4 1.08386e+08
10832 8.38514e+07
11057.7 5.86396e+07
11283.4 3.55977e+07
11509 1.63859e+07
11734.7 1.71704e+06
11960.4 -8.39392e+06
12186 -1.43966e+07
12411.7 -1.70059e+07
12637.4 -1.70438e+07
12863 -1.53232e+07
13088.7 -1.25718e+07
13314.4 -9.38791e+06
13540 -6.22421e+06
13765.7 -3.38988e+06
13991.4 -1.06602e+06
14217.1 671806
14442.7 1.82809e+06
14668.4 2.46238e+06
14894.1 2.66681e+06
15119.7 2.5475e+06
15345.4 2.21031e+06
15571.1 1.75096e+06
15796.7 1.24898e+06
16022.4 765034
16248.1 340698
16473.7 101.303
16699.4 -247333
16925.1 -403590
17150.7 -478670
17376.4 -487428
17602.1 -446866
17827.7 -373980
18053.4 -284208
18279.1 -190446
18504.7 -102547
18730.4 -27243.4
18956.1 31643.4
19181.7 72786.7
19407.4 96826
19633.1 105803
19858.7 102622
20084.4 90568.9
20310.1 72922.3
20535.7 52664.2
20761.4 32286.3
20987.1 13689.5
21212.7 -1841.15
21438.4 -13602
21664.1 -21393.5
21889.7 -25418.9
22115.4 -26171.4
22341.1 -24323.1
22566.7 -20625.5
22792.4 -15824.7
23018.1 -10598.2
23243.7 -5510.66
23469.4 -990.586
23695.1 2677.26
23920.8 5344.84
24146.4 6983.96
24372.1 7662.93
24597.8 7520.03
24823.4 6736.85
25049.1 5513.53
25274.8 4047.8
25500.4 2518.45
25726.1 1073.93
25951.8 -174.208
26177.4 -1153.48
26403.1 -1828.86
26628.8 -2198.45
26854.4 -2287.19
27080.1 -2139.57
27305.8 -1812.12
27531.4 -1366.42
27757.1 -862.892
27982.8 -355.953
28208.4 109.468
28434.1 499.994
28659.8 794.526
28885.4 983.834
29111.1 1069.25
29336.8 1060.71
29562.4 974.486
29788.1 830.7
30013.8 651.053
30239.4 456.744
30465.1 266.798
30690.8 96.8536
30916.4 -41.5865
31142.1 -141.444
31367.8 -199.95
31593.4 -218.204
31819.1 -200.488
32044.8 -153.435
32270.4 -85.1323
32496.1 -4.24911
32721.8 80.7532
32947.5 162.277
33173.1 234.078
33398.8 291.579
33624.5 332.001
33850.1 354.337
34075.8 359.19
34301.5 348.503
34527.1 325.219
34752.8 292.917
34978.5 255.434
35204.1 216.53
35429.8 179.59
35655.5 147.41
35881.1 122.037
36106.8 104.709
36332.5 95.8502
36558.1 95.1389
36783.8 101.623
37009.5 113.874
37235.1 130.153
37460.8 148.592
37686.5 167.358
37912.1 184.793
38137.8 199.535
38363.5 210.593
38589.1 217.386
38814.8 219.753
39040.5 217.92
39266.1 212.443
39491.8 204.135
39717.5 193.975
39943.1 183.01
40168.8 172.272
40394.5 162.687
40620.1 155.016
40845.8 149.801
41071.5 147.343
41297.1 147.689
41522.8 150.649
41748.5 155.825
41974.1 162.653
42199.8 170.454
42425.5 178.496
42651.2 186.047
42876.8 192.43
43102.5 197.068
43328.2 199.521
43553.8 199.508
43779.5 196.918
44005.2 191.808
44230.8 184.39
44456.5 175.006
44682.2 164.096
44907.8 152.165
45133.5 139.742
45359.2 127.344
45584.8 115.442
45810.5 104.435
46036.2 94.6233
46261.8 86.2023
46487.5 79.2542
46713.2 73.7526
46938.8 69.5747
47164.5 66.5184
47390.2 64.3245
47615.8 62.702
47841.5 61.3535
48067.2 59.9998
48292.8 58.4017
48518.5 56.3775
48744.2 53.8154
48969.8 50.6793
49195.5 47.0097
49421.2 42.9178
49646.8 38.5749
49872.5 34.1973
50098.2 30.0288
50323.8 26.3211
50549.5 23.3141
50775.2 21.2182
51000.8 20.198
51226.5 20.3603
51452.2 21.7466
51677.9 24.3293
51903.5 28.0139
52129.2 32.645
52354.9 38.0163
52580.5 43.8845
52806.2 49.9846
53031.9 56.0464
53257.5 61.8119
53483.2 67.0497
53708.9 71.569
53934.5 75.2294
54160.2 77.9472
54385.9 79.6984
54611.5 80.5169
54837.2 80.489
55062.9 79.7453
55288.5 78.4485
55514.2 76.7813
55739.9 74.9318
55965.5 73.0797
56191.2 71.3844
56416.9 69.9738
56642.5 68.9363
56868.2 68.317
57093.9 68.1153
57319.5 68.2885
57545.2 68.7564
57770.9 69.4103
57996.5 70.1234
58222.2 70.7627
58447.9 71.2015
58673.5 71.3312
58899.2 71.0718
59124.9 70.3802
59350.5 69.256
59576.2 67.743
59801.9 65.9287
60027.5 63.9392
60253.2 61.931
60478.9 60.0808
60704.5 58.5728
60930.2 57.585
61155.9 57.2752
61381.6 57.7683
61607.2 59.1449
61832.9 61.4328
62058.6 64.6018
62284.2 68.562
62509.9 73.1665
62735.6 78.2179
62961.2 83.4785
63186.9 88.683
63412.6 93.5546
63638.2 97.8209
63863.9 101.232
64089.6 103.574
64315.2 104.686
64540.9 104.469
64766.6 102.894
64992.2 100.003
65217.9 95.9107
65443.6 90.793
65669.2 84.8803
65894.9 78.4417
66120.6 71.7676
66346.2 65.1516
66571.9 58.871
66797.6 53.1693
67023.2 48.2398
67248.9 44.2136
67474.6 41.1517
67700.2 39.0412
67925.9 37.7981
68151.6 37.2745
68377.2 37.2707
68602.9 37.5514
68828.6 37.8648
69054.2 37.9629
69279.9 37.6225
69505.6 36.6637
69731.2 34.966
69956.9 32.4796
70182.6 29.2316
70408.3 25.3259
70633.9 20.9364
70859.6 16.2951
71085.3 11.6737
71310.9 7.36203
71536.6 3.64353
71762.3 0.770174
71987.9 -1.06107
72213.6 -1.72839
72439.3 -1.19989
72664.9 0.458611
72890.6 3.08383
73116.3 6.42381
73341.9 10.1552
73567.6 13.9078
73793.3 17.2957
74018.9 19.9516
74244.6 21.5622
74470.3 21.9022
74695.9 20.8625
74921.6 18.4712
75147.3 14.903
75372.9 10.4766
75598.6 5.63871
75824.3 0.934002
76049.9 -3.03685
76275.6 -5.66915
76501.3 -6.41244
76726.9 -4.83063
76952.6 -0.658754
77178.3 6.14918
77403.9 15.3865
77629.6 26.5795
77855.3 38.9953
78080.9 51.6756
78306.6 63.4949
78532.3 73.2427
78757.9 79.7243
78983.6 81.875
79209.3 78.8777
79434.9 70.2748
79660.6 56.0631
79886.3 36.7603
80112 13.4334
80337.6 -12.3201
80563.3 -38.4424
80789 -62.5405
81014.6 -82.061
81240.3 -94.5078
81466 -97.6888
81691.6 -89.9744
81917.3 -70.5439
82143 -39.5975
82368.6 1.49538
82594.3 50.1318
82820 102.52
83045.6 153.845
83271.3 198.563
83497 230.818
83722.6 244.966
83948.3 236.175
84174 201.054
84399.6 138.27
84625.3 49.0706
84851 -62.3387
85076.6 -188.639
85302.3 -319.519
85528 -442.114
85753.6 -541.795
85979.3 -603.299
86205 -612.15
86430.6 -556.316
86656.3 -427.968
86882 -225.203
87107.6 46.4635
87333.3 373.016
87559 731.491
87784.6 1090.33
88010.3 1410.73
88236 1649
88461.6 1760.03
88687.3 1701.74
88913 1440.23
89138.6 955.422
89364.3 246.554
89590 -662.885
89815.7 -1721.6
90041.3 -2848.96
90267 -3936.14
90492.7 -4850.66
90718.3 -5444.55
90944 -5566.45
91169.7 -5077.33
91395.3 -3869.12
91621 -1885.18
91846.7 859.093
92072.3 4257.85
92298 8100.9
92523.7 12067.4
92749.3 15730.2
92975 18572.5
93200.7 20020.7
93426.3 19492.6
93652 16461.4
93877.7 10533.6
94103.3 1535.46
94329 -10398.3
94554.7 -24742.4
94780.3 -40518.3
95006 -56263.2
95231.7 -70044.6
95457.3 -79535.5
95683 -82160.4
95908.7 -75320.2
96134.3 -56697.5
96360 -24633.3
96585.7 21442.1
96811.3 80557
97037 149771
97262.7 223830
97488.3 294981
97714 353021
97939.7 385668
98165.3 379333
98391 320341
98616.7 196646
98842.4 1.71674
99068 -271491
99293.7 -610623
99519.4 -998381
99745 -1.40166e+06
99970.7 -1.77188e+06
100196 -2.04502e+06
100422 -2.14373e+06
100648 -1.98206e+06
100873 -1.47345e+06
101099 -542171
101325 861489
101550 2.74293e+06
101776 5.04266e+06
102002 7.61525e+06
102227 1.02104e+07
102453 1.24602e+07
102679 1.38758e+07
102904 1.38613e+07
103130 1.17482e+07
103356 6.85769e+06
103581 -1.40435e+06
103807 -1.34173e+07
104033 -2.91809e+07
104258 -4.81221e+07
104484 -6.88865e+07
104710 -8.9138e+07
104935 -1.054e+08
105161 -1.12987e+08
105387 -1.06086e+08
105612 -7.80565e+07
105838 -2.20392e+07
106064 6.80631e+07
106289 1.96151e+08
106515 3.62012e+08
106741 5.58936e+08
106966 7.70978e+08
107192 9.7008e+08
107418 1.11348e+09
107643 1.142e+09
107869 9.80113e+08
108095 5.38894e+08
108320 -2.76634e+08
108546 -1.55417e+09
108772 -3.35302e+09
108997 -5.67362e+09
109223 -8.41661e+09
109449 -1.13316e+10
109674 -1.39578e+10
109900 -1.55618e+10
110126 -1.5083e+10
110351 -1.11027e+10
110577 -1.86374e+09
110803 1.46238e+10
111028 4.03403e+10
111254 7.68145e+10
111480 1.24404e+11
111705 1.81214e+11
111931 2.41576e+11
112157 2.94026e+11
112382 3.18799e+11
112608 2.84975e+11
112834 1.4767e+11
113059 -1.5399e+11
113285 -6.96661e+11
113511 -1.56799e+12
113736 -2.85327e+12
113962 -4.60746e+12
114188 -6.803e+12
114413 -9.23921e+12
114639 -1.13921e+13
114865 -1.21738e+13
115090 -9.55673e+12
115316 4.81082