0 60.2901
11.8091 60.2928
23.6183 60.2823
35.4274 59.9641
47.2366 59.5814
59.0457 59.4088
70.8549 59.4103
82.664 60.4152
94.4731 60.4379
106.282 60.336
118.091 60.5549
129.901 60.6844
141.71 60.9282
153.519 60.8907
165.328 60.9964
177.137 61.295
188.946 61.6181
200.755 61.7985
212.565 62.0182
224.374 62.1927
236.183 62.3096
247.992 62.4954
259.801 62.5217
271.61 62.3307
283.419 62.0285
295.229 61.7027
307.038 61.7374
318.847 61.9078
330.656 61.9968
342.465 61.9706
354.274 61.8261
366.083 61.6906
377.893 61.7387
389.702 61.6918
401.511 61.3604
413.32 61.033
425.129 61.0731
436.938 61.3984
448.747 61.2932
460.557 61.0107
472.366 60.9618
484.175 61.1265
495.984 61.2929
507.793 61.3172
519.602 60.9777
531.411 60.788
543.221 60.9357
555.03 60.9647
566.839 60.8396
578.648 60.6615