0 29.0363
48.7775 29.7174
97.555 30.3873
146.332 31.0451
195.11 31.6901
243.887 32.3216
292.665 32.9392
341.442 33.5421
390.22 34.13
438.997 34.7024
487.775 35.2589
536.552 35.7992
585.33 36.3229
634.107 36.83
682.885 37.32
731.662 37.793
780.44 38.2487
829.217 38.687
877.995 39.1079
926.772 39.5114
975.55 39.8975
1024.33 40.2663
1073.1 40.6177
1121.88 40.9519
1170.66 41.269
1219.44 41.5692
1268.21 41.8527
1316.99 42.1195
1365.77 42.3701
1414.55 42.6045
1463.32 42.8231
1512.1 43.026
1560.88 43.2137
1609.66 43.3865
1658.43 43.5445
1707.21 43.6882
1755.99 43.818
1804.77 43.9341
1853.54 44.0369
1902.32 44.1269
1951.1 44.2044
1999.88 44.2698
2048.65 44.3235
2097.43 44.3659
2146.21 44.3974
2194.99 44.4184
2243.76 44.4295
2292.54 44.4309
2341.32 44.4231
2390.1 44.4066
2438.87 44.3818
2487.65 44.3491
2536.43 44.3089
2585.21 44.2618
2633.98 44.208
2682.76 44.1481
2731.54 44.0824
2780.32 44.0114
2829.09 43.9356
2877.87 43.8553
2926.65 43.7709
2975.43 43.6829
3024.2 43.5917
3072.98 43.4977
3121.76 43.4012
3170.54 43.3027
3219.31 43.2025
3268.09 43.1011
3316.87 42.9988
3365.65 42.8959
3414.42 42.7929
3463.2 42.69
3511.98 42.5877
3560.76 42.4862
3609.53 42.3859
3658.31 42.2871
3707.09 42.1902
3755.87 42.0953
3804.64 42.0029
3853.42 41.9132
3902.2 41.8265
3950.98 41.743
3999.75 41.6631
4048.53 41.5869
4097.31 41.5147
4146.09 41.4468
4194.86 41.3834
4243.64 41.3246
4292.42 41.2707
4341.2 41.2219
4389.97 41.1784
4438.75 41.1403
4487.53 41.1079
4536.31 41.0812
4585.08 41.0604
4633.86 41.0457
4682.64 41.0372
4731.42 41.0351
4780.19 41.0393
4828.97 41.0501
4877.75 41.0676
4926.53 41.0917
4975.3 41.1227
5024.08 41.1605
5072.86 41.2052
5121.64 41.2569
5170.41 41.3156
5219.19 41.3814
5267.97 41.4543
5316.75 41.5343
5365.52 41.6213
5414.3 41.7155
5463.08 41.8168
5511.86 41.9252
5560.63 42.0407
5609.41 42.1632
5658.19 42.2927
5706.97 42.4292
5755.74 42.5726
5804.52 42.7228
5853.3 42.8799
5902.08 43.0437
5950.85 43.2142
5999.63 43.3913
6048.41 43.5748
6097.19 43.7648
6145.96 43.961
6194.74 44.1635
6243.52 44.3721
6292.3 44.5866
6341.07 44.807
6389.85 45.0332
6438.63 45.265
6487.41 45.5022
6536.18 45.7448
6584.96 45.9926
6633.74 46.2455
6682.52 46.5033
6731.29 46.7659
6780.07 47.033
6828.85 47.3047
6877.63 47.5806
6926.4 47.8607
6975.18 48.1448
7023.96 48.4326
7072.74 48.7241
7121.51 49.0191
7170.29 49.3174
7219.07 49.6187
7267.85 49.9231
7316.62 50.2302
7365.4 50.5398
7414.18 50.8519
7462.96 51.1663
7511.73 51.4826
7560.51 51.8009
7609.29 52.1208
7658.07 52.4422
7706.84 52.765
7755.62 53.0888
7804.4 53.4137
7853.18 53.7393
7901.95 54.0656
7950.73 54.3922
7999.51 54.7191
8048.29 55.0461
8097.06 55.3729
8145.84 55.6995
8194.62 56.0256
8243.4 56.3511
8292.17 56.6758
8340.95 56.9995
8389.73 57.3221
8438.51 57.6433
8487.28 57.9632
8536.06 58.2814
8584.84 58.5978
8633.62 58.9123
8682.39 59.2247
8731.17 59.5349
8779.95 59.8427
8828.73 60.1481
8877.5 60.4507
8926.28 60.7506
8975.06 61.0475
9023.84 61.3414
9072.61 61.632
9121.39 61.9194
9170.17 62.2034
9218.95 62.4838
9267.72 62.7605
9316.5 63.0335
9365.28 63.3026
9414.06 63.5678
9462.83 63.8289
9511.61 64.0858
9560.39 64.3385
9609.17 64.5868
9657.94 64.8308
9706.72 65.0702
9755.5 65.3051
9804.28 65.5354
9853.05 65.7609
9901.83 65.9818
9950.61 66.1978
9999.39 66.4089
10048.2 66.6152
10096.9 66.8165
10145.7 67.0128
10194.5 67.2041
10243.3 67.3903
10292.1 67.5715
10340.8 67.7476
10389.6 67.9186
10438.4 68.0845
10487.2 68.2452
10535.9 68.4008
10584.7 68.5513
10633.5 68.6967
10682.3 68.8369
10731 68.9721
10779.8 69.1022
10828.6 69.2272
10877.4 69.3472
10926.2 69.4622
10974.9 69.5723
11023.7 69.6774
11072.5 69.7777
11121.3 69.8731
11170 69.9637
11218.8 70.0496
11267.6 70.1308
11316.4 70.2075
11365.2 70.2796
11413.9 70.3472
11462.7 70.4104
11511.5 70.4693
11560.3 70.5239
11609 70.5744
11657.8 70.6208
11706.6 70.6633
11755.4 70.7018
11804.2 70.7365
11852.9 70.7676
11901.7 70.795
11950.5 70.8189
11999.3 70.8395
12048 70.8567
12096.8 70.8708
12145.6 70.8818
12194.4 70.8899
12243.1 70.8951
12291.9 70.8977
12340.7 70.8976
12389.5 70.8951
12438.3 70.8903
12487 70.8832
12535.8 70.8741
12584.6 70.863
12633.4 70.85
12682.1 70.8354
12730.9 70.8192
12779.7 70.8017
12828.5 70.7828
12877.3 70.7627
12926 70.7417
12974.8 70.7197
13023.6 70.697
13072.4 70.6737
13121.1 70.65
13169.9 70.6259
13218.7 70.6016
13267.5 70.5772
13316.3 70.5529
13365 70.5289
13413.8 70.5051
13462.6 70.4819
13511.4 70.4593
13560.1 70.4375
13608.9 70.4165
13657.7 70.3966
13706.5 70.3778
13755.3 70.3602
13804 70.3441
13852.8 70.3295
13901.6 70.3166
13950.4 70.3055
13999.1 70.2962
14047.9 70.289
14096.7 70.2839
14145.5 70.281
14194.2 70.2805
14243 70.2825
14291.8 70.2871
14340.6 70.2943
14389.4 70.3043
14438.1 70.3172
14486.9 70.3331
14535.7 70.3521
14584.5 70.3742
14633.2 70.3995
14682 70.4282
14730.8 70.4603
14779.6 70.4959
14828.4 70.535
14877.1 70.5778
14925.9 70.6242
14974.7 70.6745
15023.5 70.7285
15072.2 70.7864
15121 70.8482
15169.8 70.9139
15218.6 70.9837
15267.4 71.0575
15316.1 71.1353
15364.9 71.2173
15413.7 71.3034
15462.5 71.3936
15511.2 71.488
15560 71.5866
15608.8 71.6893
15657.6 71.7963
15706.4 71.9073
15755.1 72.0226
15803.9 72.142
15852.7 72.2655
15901.5 72.3932
15950.2 72.5249
15999 72.6607
16047.8 72.8005
16096.6 72.9442
16145.3 73.0919
16194.1 73.2435
16242.9 73.3989
16291.7 73.558
16340.5 73.7208
16389.2 73.8872
16438 74.0572
16486.8 74.2307
16535.6 74.4075
16584.3 74.5876
16633.1 74.7709
16681.9 74.9572
16730.7 75.1466
16779.5 75.3388
16828.2 75.5338
16877 75.7315
16925.8 75.9316
16974.6 76.1342
17023.3 76.339
17072.1 76.5459
17120.9 76.7548
17169.7 76.9656
17218.5 77.178
17267.2 77.392
17316 77.6074
17364.8 77.824
17413.6 78.0416
17462.3 78.2601
17511.1 78.4794
17559.9 78.6992
17608.7 78.9194
17657.5 79.1398
17706.2 79.3601
17755 79.5803
17803.8 79.8001
17852.6 80.0194
17901.3 80.2379
17950.1 80.4554
17998.9 80.6719
18047.7 80.8869
18096.4 81.1004
18145.2 81.3121
18194 81.5219
18242.8 81.7295
18291.6 81.9348
18340.3 82.1375
18389.1 82.3373
18437.9 82.5342
18486.7 82.7278
18535.4 82.9181
18584.2 83.1047
18633 83.2875
18681.8 83.4662
18730.6 83.6406
18779.3 83.8106
18828.1 83.976
18876.9 84.1364
18925.7 84.2918
18974.4 84.4419
19023.2 84.5866
19072 84.7255
19120.8 84.8586
19169.6 84.9857
19218.3 85.1065
19267.1 85.2209
19315.9 85.3287
19364.7 85.4298
19413.4 85.5238
19462.2 85.6108
19511 85.6905
19559.8 85.7628
19608.6 85.8276
19657.3 85.8846
19706.1 85.9337
19754.9 85.9749
19803.7 86.008
19852.4 86.0328
19901.2 86.0493
19950 86.0574
19998.8 86.057
20047.5 86.048
20096.3 86.0302
20145.1 86.0038
20193.9 85.9685
20242.7 85.9244
20291.4 85.8714
20340.2 85.8096
20389 85.7387
20437.8 85.659
20486.5 85.5704
20535.3 85.4728
20584.1 85.3665
20632.9 85.2513
20681.7 85.1273
20730.4 84.9947
20779.2 84.8535
20828 84.7039
20876.8 84.5458
20925.5 84.3796
20974.3 84.2052
21023.1 84.023
21071.9 83.833
21120.7 83.6355
21169.4 83.4307
21218.2 83.2188
21267 83
21315.8 82.7747
21364.5 82.5431
21413.3 82.3055
21462.1 82.0623
21510.9 81.8138
21559.7 81.5604
21608.4 81.3024
21657.2 81.0403
21706 80.7745
21754.8 80.5054
21803.5 80.2336
21852.3 79.9595
21901.1 79.6837
21949.9 79.4066
21998.6 79.1289
22047.4 78.8512
22096.2 78.5741
22145 78.2981
22193.8 78.0241
22242.5 77.7526
22291.3 77.4844
22340.1 77.2203
22388.9 76.961
22437.6 76.7073
22486.4 76.4601
22535.2 76.2202
22584 75.9885
22632.8 75.7659
22681.5 75.5533
22730.3 75.3518
22779.1 75.1624
22827.9 74.986
22876.6 74.8238
22925.4 74.6768
22974.2 74.5461
23023 74.433
23071.8 74.3386
23120.5 74.2641
23169.3 74.2108
23218.1 74.18
23266.9 74.1731
23315.6 74.1912
23364.4 74.2359
23413.2 74.3086
23462 74.4107
23510.8 74.5437
23559.5 74.7091
23608.3 74.9086
23657.1 75.1436
23705.9 75.4159
23754.6 75.7271
23803.4 76.0788
23852.2 76.4729
23901 76.9111
23949.7 77.3952
23998.5 77.9271
24047.3 78.5086
24096.1 79.1417
24144.9 79.8283
24193.6 80.5705
24242.4 81.3701
24291.2 82.2294
24340 83.1504
24388.7 84.1353
24437.5 85.1862
24486.3 86.3054
24535.1 87.495
24583.9 88.7575
24632.6 90.0951
24681.4 91.5101
24730.2 93.0051
24779 94.5823
24827.7 96.2444
24876.5 97.9938
24925.3 99.833