0 30.5076
251.771 32.5024
503.541 34.7224
755.312 40.3288
1007.08 43.5605
1258.85 38.9164
1510.62 43.4861
1762.39 42.8702
2014.17 40.4811
2265.94 39.762
2517.71 39.0122
2769.48 39.2835
3021.25 41.3491
3273.02 42.9072
3524.79 45.6702
3776.56 41.6484
4028.33 34.736
4280.1 36.1159
4531.87 33.56
4783.64 35.9964
5035.41 35.7562
5287.18 37.8272
5538.95 40.7616
5790.73 45.1911
6042.5 48
6294.27 55.4918
6546.04 53.1325
6797.81 48.1361
7049.58 49.4764
7301.35 49.2487
7553.12 49.0151
7804.89 49.4682
8056.66 52.9606
8308.43 66.6781
8560.2 71.4617
8811.97 59.1109
9063.74 62.9568
9315.52 73.2089
9567.29 73.9425
9819.06 72.9727
10070.8 72.5664
10322.6 67.2032
10574.4 70.0337
10826.1 74.9302
11077.9 73.0377
11329.7 69.4873
11581.5 63.7122
11833.2 59.0877
12085 55.6777
12336.8 54
12588.5 54.1711
12840.3 60.2453
13092.1 62.5932
13343.8 61.7161
13595.6 60.9785
13847.4 61.9241
14099.2 62.0191
14350.9 68.8436
14602.7 66.7813
14854.5 65.2582
15106.2 65.8354
15358 68.513
15609.8 69.9391
15861.6 70.8463
16113.3 69.8346
16365.1 72.1172
16616.9 74.1797
16868.6 75.042
17120.4 71.1781
17372.2 69.7734
17623.9 77.6253
17875.7 80.5098
18127.5 80.824
18379.3 79.863
18631 92
18882.8 93.2468
19134.6 96.2745
19386.3 98.5472
19638.1 94.1757
19889.9 90.5967
20141.7 88
20393.4 88.8285
20645.2 91.749
20897 94.9241
21148.7 84.9548
21400.5 86.4682
21652.3 87.2692
21904 91.8611
22155.8 76.6922
22407.6 69.6176
22659.4 80.2235
22911.1 82.9694
23162.9 78.1927
23414.7 75.8219
23666.4 80.4813
23918.2 87.3126
24170 86.2416
24421.8 86.8006
24673.5 92.8807
24925.3 97.0097