0 30.5076
48.7775 30.9264
97.555 31.3377
146.332 31.7338
195.11 32.1072
243.887 32.4503
292.665 32.7611
341.442 33.0727
390.22 33.4329
438.997 33.8894
487.775 34.4897
536.552 35.2768
585.33 36.2398
634.107 37.334
682.885 38.5143
731.662 39.7354
780.44 40.9507
829.217 42.0774
877.995 42.9986
926.772 43.596
975.55 43.7512
1024.33 43.3486
1073.1 42.4254
1121.88 41.2421
1170.66 40.0774
1219.44 39.2099
1268.21 38.9175
1316.99 39.3314
1365.77 40.2478
1414.55 41.4163
1463.32 42.5864
1512.1 43.508
1560.88 43.9934
1609.66 44.0849
1658.43 43.877
1707.21 43.4645
1755.99 42.942
1804.77 42.396
1853.54 41.8649
1902.32 41.3697
1951.1 40.9309
1999.88 40.5694
2048.65 40.303
2097.43 40.1211
2146.21 39.9965
2194.99 39.902
2243.76 39.8102
2292.54 39.6949
2341.32 39.551
2390.1 39.3924
2438.87 39.2333
2487.65 39.0883
2536.43 38.9717
2585.21 38.8984
2633.98 38.884
2682.76 38.9441
2731.54 39.0944
2780.32 39.3502
2829.09 39.7097
2877.87 40.1344
2926.65 40.5812
2975.43 41.0069
3024.2 41.3684
3072.98 41.6423
3121.76 41.8715
3170.54 42.1122
3219.31 42.421
3268.09 42.8543
3316.87 43.4486
3365.65 44.1324
3414.42 44.7979
3463.2 45.3372
3511.98 45.6424
3560.76 45.6145
3609.53 45.2363
3658.31 44.5339
3707.09 43.5339
3755.87 42.263
3804.64 40.7522
3853.42 39.1088
3902.2 37.5026
3950.98 36.1048
3999.75 35.0871
4048.53 34.6161
4097.31 34.6908
4146.09 35.0999
4194.86 35.6188
4243.64 36.023
4292.42 36.089
4341.2 35.7258
4389.97 35.0975
4438.75 34.3973
4487.53 33.8184
4536.31 33.554
4585.08 33.7213
4633.86 34.2055
4682.64 34.848
4731.42 35.4899
4780.19 35.9724
4828.97 36.1725
4877.75 36.143
4926.53 35.9911
4975.3 35.824
5024.08 35.749
5072.86 35.8614
5121.64 36.1573
5170.41 36.5844
5219.19 37.0902
5267.97 37.622
5316.75 38.1307
5365.52 38.6173
5414.3 39.1209
5463.08 39.6816
5511.86 40.3394
5560.63 41.1326
5609.41 42.0463
5658.19 43.0038
5706.97 43.9251
5755.74 44.7301
5804.52 45.3395
5853.3 45.7498
5902.08 46.0913
5950.85 46.5083
5999.63 47.145
6048.41 48.1454
6097.19 49.5681
6145.96 51.2328
6194.74 52.9177
6243.52 54.4011
6292.3 55.4611
6341.07 55.9247
6389.85 55.8385
6438.63 55.3113
6487.41 54.4519
6536.18 53.3688
6584.96 52.1702
6633.74 50.9599
6682.52 49.8394
6731.29 48.9104
6780.07 48.2747
6828.85 48.0241
6877.63 48.1248
6926.4 48.4546
6975.18 48.8899
7023.96 49.3066
7072.74 49.5842
7121.51 49.6817
7170.29 49.6439
7219.07 49.5194
7267.85 49.3569
7316.62 49.2051
7365.4 49.0939
7414.18 49.023
7462.96 48.9894
7511.73 48.99
7560.51 49.0218
7609.29 49.081
7658.07 49.1614
7706.84 49.2568
7755.62 49.3609
7804.4 49.4672
7853.18 49.5917
7901.95 49.8418
7950.73 50.3485
7999.51 51.243
8048.29 52.6562
8097.06 54.6874
8145.84 57.2213
8194.62 60.0541
8243.4 62.9813
8292.17 65.7987
8340.95 68.3047
8389.73 70.3289
8438.51 71.7212
8487.28 72.3319
8536.06 72.0112
8584.84 70.622
8633.62 68.3146
8682.39 65.5225
8731.17 62.6914
8779.95 60.2669
8828.73 58.6905
8877.5 58.1682
8926.28 58.551
8975.06 59.6603
9023.84 61.3178
9072.61 63.3448
9121.39 65.5682
9170.17 67.8275
9218.95 69.9638
9267.72 71.8183
9316.5 73.232
9365.28 74.0954
9414.06 74.484
9462.83 74.5167
9511.61 74.3126
9560.39 73.9907
9609.17 73.66
9657.94 73.3676
9706.72 73.1374
9755.5 72.993
9804.28 72.9581
9853.05 73.0486
9901.83 73.1987
9950.61 73.2942
9999.39 73.2202
10048.2 72.8619
10096.9 72.1121
10145.7 71.0192
10194.5 69.7731
10243.3 68.5688
10292.1 67.6014
10340.8 67.0635
10389.6 67.0337
10438.4 67.4322
10487.2 68.1675
10535.9 69.1482
10584.7 70.2826
10633.5 71.4779
10682.3 72.6381
10731 73.6669
10779.8 74.468
10828.6 74.945
10877.4 75.0378
10926.2 74.8101
10974.9 74.3524
11023.7 73.7551
11072.5 73.1086
11121.3 72.4881
11170 71.8818
11218.8 71.2484
11267.6 70.5462
11316.4 69.7335
11365.2 68.7748
11413.9 67.6904
11462.7 66.531
11511.5 65.348
11560.3 64.1925
11609 63.1138
11657.8 62.1261
11706.6 61.2143
11755.4 60.3625
11804.2 59.5548
11852.9 58.7753
11901.7 58.0217
11950.5 57.3084
11999.3 56.6509
12048 56.0648
12096.8 55.5654
12145.6 55.1561
12194.4 54.8162
12243.1 54.5221
12291.9 54.2503
12340.7 53.9773
12389.5 53.7021
12438.3 53.4945
12487 53.4382
12535.8 53.6169
12584.6 54.1145
12633.4 54.9862
12682.1 56.1436
12730.9 57.4523
12779.7 58.7777
12828.5 59.9853
12877.3 60.9531
12926 61.6622
12974.8 62.1463
13023.6 62.4393
13072.4 62.5752
13121.1 62.5874
13169.9 62.5022
13218.7 62.3402
13267.5 62.122
13316.3 61.8679
13365 61.5987
13413.8 61.3394
13462.6 61.1208
13511.4 60.9737
13560.1 60.929
13608.9 61.0173
13657.7 61.2337
13706.5 61.5081
13755.3 61.7638
13804 61.924
13852.8 61.9119
13901.6 61.7061
13950.4 61.4438
13999.1 61.2909
14047.9 61.413
14096.7 61.9759
14145.5 63.0853
14194.2 64.567
14243 66.1657
14291.8 67.6259
14340.6 68.6922
14389.4 69.1443
14438.1 69.0311
14486.9 68.5266
14535.7 67.8054
14584.5 67.042
14633.2 66.4026
14682 65.9392
14730.8 65.622
14779.6 65.4193
14828.4 65.2994
14877.1 65.2314
14925.9 65.2083
14974.7 65.249
15023.5 65.3738
15072.2 65.6031
15121 65.9567
15169.8 66.4303
15218.6 66.9783
15267.4 67.5512
15316.1 68.0994
15364.9 68.5737
15413.7 68.9444
15462.5 69.2344
15511.2 69.475
15560 69.6978
15608.8 69.934
15657.6 70.2032
15706.4 70.4746
15755.1 70.7042
15803.9 70.8478
15852.7 70.8613
15901.5 70.7123
15950.2 70.4498
15999 70.1579
16047.8 69.9204
16096.6 69.8215
16145.3 69.9381
16194.1 70.2627
16242.9 70.7319
16291.7 71.2812
16340.5 71.8463
16389.2 72.3643
16438 72.813
16486.8 73.211
16535.6 73.5787
16584.3 73.9365
16633.1 74.3044
16681.9 74.6726
16730.7 74.9849
16779.5 75.1812
16828.2 75.2014
16877 74.9856
16925.8 74.5072
16974.6 73.8203
17023.3 72.9909
17072.1 72.0851
17120.9 71.169
17169.7 70.3161
17218.5 69.6287
17267.2 69.2161
17316 69.1878
17364.8 69.653
17413.6 70.689
17462.3 72.1688
17511.1 73.8856
17559.9 75.6326
17608.7 77.2028
17657.5 78.4058
17706.2 79.229
17755 79.7685
17803.8 80.1218
17852.6 80.3868
17901.3 80.6566
17950.1 80.9373
17998.9 81.1529
18047.7 81.2244
18096.4 81.0728
18145.2 80.6218
18194 79.9335
18242.8 79.2678
18291.6 78.8998
18340.3 79.1046
18389.1 80.1563
18437.9 82.1391
18486.7 84.7155
18535.4 87.4913
18584.2 90.0722
18633 92.0641
18681.8 93.1946
18730.6 93.6232
18779.3 93.605
18828.1 93.3949
18876.9 93.248
18925.7 93.3823
18974.4 93.8014
19023.2 94.4323
19072 95.2017
19120.8 96.0366
19169.6 96.8638
19218.3 97.6101
19267.1 98.2026
19315.9 98.5681
19364.7 98.6335
19413.4 98.3311
19462.2 97.6859
19511 96.804
19559.8 95.7938
19608.6 94.7637
19657.3 93.8209
19706.1 93.0129
19754.9 92.3084
19803.7 91.6711
19852.4 91.0644
19901.2 90.4521
19950 89.8227
19998.8 89.2159
20047.5 88.6772
20096.3 88.2525
20145.1 87.9875
20193.9 87.9103
20242.7 87.9926
20291.4 88.1946
20340.2 88.4766
20389 88.7986
20437.8 89.1329
20486.5 89.5142
20535.3 89.9977
20584.1 90.6389
20632.9 91.4931
20681.7 92.5935
20730.4 93.7796
20779.2 94.7908
20828 95.3653
20876.8 95.2415
20925.5 94.1801
20974.3 92.2966
21023.1 89.9896
21071.9 87.6661
21120.7 85.7326
21169.4 84.5871
21218.2 84.327
21267 84.6838
21315.8 85.3669
21364.5 86.0855
21413.3 86.5504
21462.1 86.639
21510.9 86.5409
21559.7 86.4802
21608.4 86.6809
21657.2 87.3668
21706 88.6217
21754.8 90.1131
21803.5 91.4322
21852.3 92.1699
21901.1 91.9173
21949.9 90.375
21998.6 87.7697
22047.4 84.4854
22096.2 80.9064
22145 77.4169
22193.8 74.3778
22242.5 71.9653
22291.3 70.2674
22340.1 69.3715
22388.9 69.3653
22437.6 70.3204
22486.4 72.0876
22535.2 74.355
22584 76.8066
22632.8 79.1266
22681.5 81.0048
22730.3 82.3015
22779.1 83.0681
22827.9 83.3663
22876.6 83.2579
22925.4 82.8046
22974.2 82.0759
23023 81.1541
23071.8 80.1231
23120.5 79.0664
23169.3 78.0678
23218.1 77.1997
23266.9 76.5039
23315.6 76.0169
23364.4 75.7753
23413.2 75.8159
23462 76.1652
23510.8 76.8068
23559.5 77.7123
23608.3 78.8532
23657.1 80.2012
23705.9 81.7186
23754.6 83.3
23803.4 84.8106
23852.2 86.1152
23901 87.0788
23949.7 87.5784
23998.5 87.6396
24047.3 87.3894
24096.1 86.9567
24144.9 86.4706
24193.6 86.0583
24242.4 85.8027
24291.2 85.7412
24340 85.9089
24388.7 86.3407
24437.5 87.071
24486.3 88.0852
24535.1 89.2908
24583.9 90.5882
24632.6 91.8779
24681.4 93.0605
24730.2 94.0719
24779 94.9356
24827.7 95.6885
24876.5 96.3676
24925.3 97.0097