0 685.104
6.66145 687.128
13.3229 689.1
19.9843 691.023
26.6458 692.904
33.3072 694.748
39.9687 696.559
46.6301 698.342
53.2916 700.101
59.953 701.84
66.6145 703.563
73.2759 705.273
79.9374 706.975
86.5988 708.671
93.2603 710.364
99.9217 712.058
106.583 713.755
113.245 715.458
119.906 717.169
126.568 718.89
133.229 720.624
139.89 722.373
146.552 724.138
153.213 725.921
159.875 727.725
166.536 729.549
173.198 731.396
179.859 733.267
186.521 735.164
193.182 737.087
199.843 739.036
206.505 741.014
213.166 743.021
219.828 745.058
226.489 747.125
233.151 749.222
239.812 751.351
246.474 753.512
253.135 755.705
259.796 757.93
266.458 760.188
273.119 762.478
279.781 764.802
286.442 767.158
293.104 769.548
299.765 771.97
306.427 774.426
313.088 776.914
319.75 779.435
326.411 781.988
333.072 784.574
339.734 787.192
346.395 789.842
353.057 792.523
359.718 795.236
366.38 797.98
373.041 800.754
379.703 803.558
386.364 806.392
393.025 809.256
399.687 812.149
406.348 815.07
413.01 818.019
419.671 820.996
426.333 824
432.994 827.032
439.656 830.089
446.317 833.172
452.978 836.281
459.64 839.414
466.301 842.572
472.963 845.753
479.624 848.959
486.286 852.187
492.947 855.437
499.609 858.71
506.27 862.004
512.932 865.319
519.593 868.655
526.254 872.011
532.916 875.387
539.577 878.782
546.239 882.196
552.9 885.628
559.562 889.078
566.223 892.546
572.885 896.031
579.546 899.533
586.207 903.05
592.869 906.584
599.53 910.134
606.192 913.699
612.853 917.278
619.515 920.873
626.176 924.481
632.838 928.103
639.499 931.739
646.16 935.388
652.822 939.05
659.483 942.725
666.145 946.412
672.806 950.111
679.468 953.822
686.129 957.544
692.791 961.278
699.452 965.023
706.114 968.779
712.775 972.545
719.436 976.323
726.098 980.11
732.759 983.907
739.421 987.715
746.082 991.532
752.744 995.358
759.405 999.194
766.067 1003.04
772.728 1006.89
779.389 1010.76
786.051 1014.63
792.712 1018.51
799.374 1022.4
806.035 1026.3
812.697 1030.2
819.358 1034.12
826.02 1038.04
832.681 1041.97
839.342 1045.91
846.004 1049.86
852.665 1053.81
859.327 1057.78
865.988 1061.75
872.65 1065.72
879.311 1069.71
885.973 1073.7
892.634 1077.7
899.295 1081.71
905.957 1085.73
912.618 1089.75
919.28 1093.78
925.941 1097.81
932.603 1101.86
939.264 1105.91
945.926 1109.97
952.587 1114.03
959.249 1118.1
965.91 1122.18
972.571 1126.26
979.233 1130.36
985.894 1134.45
992.556 1138.56
999.217 1142.67
1005.88 1146.79
1012.54 1150.91
1019.2 1155.04
1025.86 1159.18
1032.52 1163.32
1039.19 1167.47
1045.85 1171.63
1052.51 1175.79
1059.17 1179.95
1065.83 1184.13
1072.49 1188.3
1079.15 1192.49
1085.82 1196.68
1092.48 1200.87
1099.14 1205.07
1105.8 1209.27
1112.46 1213.48
1119.12 1217.7
1125.78 1221.91
1132.45 1226.14
1139.11 1230.37
1145.77 1234.6
1152.43 1238.83
1159.09 1243.07
1165.75 1247.32
1172.41 1251.57
1179.08 1255.82
1185.74 1260.07
1192.4 1264.33
1199.06 1268.59
1205.72 1272.85
1212.38 1277.12
1219.05 1281.39
1225.71 1285.66
1232.37 1289.93
1239.03 1294.2
1245.69 1298.48
1252.35 1302.76
1259.01 1307.04
1265.68 1311.31
1272.34 1315.59
1279 1319.87
1285.66 1324.15
1292.32 1328.43
1298.98 1332.71
1305.64 1336.99
1312.31 1341.27
1318.97 1345.55
1325.63 1349.83
1332.29 1354.1
1338.95 1358.37
1345.61 1362.64
1352.27 1366.91
1358.94 1371.18
1365.6 1375.44
1372.26 1379.7
1378.92 1383.95
1385.58 1388.21
1392.24 1392.45
1398.9 1396.7
1405.57 1400.94
1412.23 1405.17
1418.89 1409.4
1425.55 1413.62
1432.21 1417.84
1438.87 1422.05
1445.53 1426.25
1452.2 1430.45
1458.86 1434.64
1465.52 1438.83
1472.18 1443.01
1478.84 1447.18
1485.5 1451.34
1492.16 1455.49
1498.83 1459.63
1505.49 1463.77
1512.15 1467.9
1518.81 1472.01
1525.47 1476.12
1532.13 1480.22
1538.79 1484.31
1545.46 1488.38
1552.12 1492.45
1558.78 1496.51
1565.44 1500.55
1572.1 1504.59
1578.76 1508.61
1585.42 1512.62
1592.09 1516.62
1598.75 1520.61
1605.41 1524.58
1612.07 1528.54
1618.73 1532.49
1625.39 1536.43
1632.05 1540.35
1638.72 1544.26
1645.38 1548.16
1652.04 1552.05
1658.7 1555.92
1665.36 1559.77
1672.02 1563.62
1678.68 1567.45
1685.35 1571.26
1692.01 1575.06
1698.67 1578.85
1705.33 1582.62
1711.99 1586.38
1718.65 1590.13
1725.32 1593.86
1731.98 1597.57
1738.64 1601.28
1745.3 1604.96
1751.96 1608.64
1758.62 1612.29
1765.28 1615.94
1771.95 1619.57
1778.61 1623.19
1785.27 1626.79
1791.93 1630.37
1798.59 1633.95
1805.25 1637.51
1811.91 1641.05
1818.58 1644.59
1825.24 1648.11
1831.9 1651.61
1838.56 1655.1
1845.22 1658.58
1851.88 1662.05
1858.54 1665.5
1865.21 1668.94
1871.87 1672.37
1878.53 1675.79
1885.19 1679.2
1891.85 1682.59
1898.51 1685.97
1905.17 1689.34
1911.84 1692.7
1918.5 1696.05
1925.16 1699.39
1931.82 1702.72
1938.48 1706.04
1945.14 1709.36
1951.8 1712.66
1958.47 1715.95
1965.13 1719.24
1971.79 1722.52
1978.45 1725.79
1985.11 1729.05
1991.77 1732.31
1998.43 1735.56
2005.1 1738.81
2011.76 1742.05
2018.42 1745.28
2025.08 1748.52
2031.74 1751.74
2038.4 1754.97
2045.06 1758.19
2051.73 1761.41
2058.39 1764.63
2065.05 1767.84
2071.71 1771.06
2078.37 1774.27
2085.03 1777.48
2091.69 1780.7
2098.36 1783.91
2105.02 1787.13
2111.68 1790.35
2118.34 1793.57
2125 1796.8
2131.66 1800.03
2138.32 1803.26
2144.99 1806.5
2151.65 1809.74
2158.31 1812.99
2164.97 1816.24
2171.63 1819.51
2178.29 1822.77
2184.95 1826.05
2191.62 1829.34
2198.28 1832.63
2204.94 1835.94
2211.6 1839.25
2218.26 1842.57
2224.92 1845.91
2231.59 1849.26
2238.25 1852.61
2244.91 1855.99
2251.57 1859.37
2258.23 1862.77
2264.89 1866.18
2271.55 1869.6
2278.22 1873.04
2284.88 1876.5
2291.54 1879.97
2298.2 1883.46
2304.86 1886.96
2311.52 1890.48
2318.18 1894.02
2324.85 1897.57
2331.51 1901.14
2338.17 1904.73
2344.83 1908.34
2351.49 1911.97
2358.15 1915.61
2364.81 1919.28
2371.48 1922.96
2378.14 1926.67
2384.8 1930.39
2391.46 1934.13
2398.12 1937.9
2404.78 1941.68
2411.44 1945.48
2418.11 1949.31
2424.77 1953.15
2431.43 1957.01
2438.09 1960.9
2444.75 1964.8
2451.41 1968.73
2458.07 1972.67
2464.74 1976.64
2471.4 1980.62
2478.06 1984.63
2484.72 1988.65
2491.38 1992.7
2498.04 1996.76
2504.7 2000.84
2511.37 2004.94
2518.03 2009.06
2524.69 2013.19
2531.35 2017.35
2538.01 2021.52
2544.67 2025.7
2551.33 2029.9
2558 2034.12
2564.66 2038.35
2571.32 2042.6
2577.98 2046.85
2584.64 2051.13
2591.3 2055.41
2597.96 2059.7
2604.63 2064.01
2611.29 2068.32
2617.95 2072.65
2624.61 2076.98
2631.27 2081.32
2637.93 2085.66
2644.59 2090.01
2651.26 2094.36
2657.92 2098.72
2664.58 2103.08
2671.24 2107.43
2677.9 2111.79
2684.56 2116.15
2691.23 2120.5
2697.89 2124.85
2704.55 2129.19
2711.21 2133.53
2717.87 2137.86
2724.53 2142.18
2731.19 2146.48
2737.86 2150.78
2744.52 2155.06
2751.18 2159.33
2757.84 2163.58
2764.5 2167.81
2771.16 2172.02
2777.82 2176.21
2784.49 2180.37
2791.15 2184.52
2797.81 2188.63
2804.47 2192.72
2811.13 2196.78
2817.79 2200.8
2824.45 2204.79
2831.12 2208.75
2837.78 2212.67
2844.44 2216.56
2851.1 2220.4
2857.76 2224.2
2864.42 2227.96
2871.08 2231.67
2877.75 2235.34
2884.41 2238.96
2891.07 2242.53
2897.73 2246.04
2904.39 2249.5
2911.05 2252.91
2917.71 2256.26
2924.38 2259.55
2931.04 2262.78
2937.7 2265.96
2944.36 2269.06
2951.02 2272.11
2957.68 2275.08
2964.34 2277.99
2971.01 2280.83
2977.67 2283.61
2984.33 2286.31
2990.99 2288.93
2997.65 2291.49
3004.31 2293.97
3010.97 2296.38
3017.64 2298.71
3024.3 2300.96
3030.96 2303.14
3037.62 2305.23
3044.28 2307.25
3050.94 2309.19
3057.6 2311.05
3064.27 2312.83
3070.93 2314.54
3077.59 2316.16
3084.25 2317.71
3090.91 2319.17
3097.57 2320.56
3104.23 2321.87
3110.9 2323.11
3117.56 2324.27
3124.22 2325.35
3130.88 2326.36
3137.54 2327.31
3144.2 2328.18
3150.86 2328.99
3157.53 2329.73
3164.19 2330.41
3170.85 2331.03
3177.51 2331.59
3184.17 2332.1
3190.83 2332.56
3197.5 2332.97
3204.16 2333.34
3210.82 2333.67
3217.48 2333.97
3224.14 2334.24
3230.8 2334.49
3237.46 2334.72
3244.13 2334.94
3250.79 2335.16
3257.45 2335.37
3264.11 2335.6
3270.77 2335.84
3277.43 2336.11
3284.09 2336.4
3290.76 2336.74
3297.42 2337.13
3304.08 2337.58
3310.74 2338.1
3317.4 2338.7
3324.06 2339.39
3330.72 2340.19
3337.39 2341.1
3344.05 2342.13
3350.71 2343.31
3357.37 2344.65
3364.03 2346.15
3370.69 2347.84
3377.35 2349.73
3384.02 2351.84
3390.68 2354.18
3397.34 2356.77
3404 2359.63