0 30.5076
48.7775 30.7424
97.555 30.9867
146.332 31.2498
195.11 31.5412
243.887 31.8704
292.665 32.2466
341.442 32.6795
390.22 33.1783
438.997 33.7525
487.775 34.4116
536.552 35.164
585.33 36.0014
634.107 36.9014
682.885 37.8414
731.662 38.7987
780.44 39.7506
829.217 40.6745
877.995 41.5477
926.772 42.3474
975.55 43.0511
1024.33 43.636
1073.1 44.0874
1121.88 44.4118
1170.66 44.6186
1219.44 44.7177
1268.21 44.7188
1316.99 44.6314
1365.77 44.4654
1414.55 44.2304
1463.32 43.9361
1512.1 43.5922
1560.88 43.2083
1609.66 42.7944
1658.43 42.3602
1707.21 41.9157
1755.99 41.4706
1804.77 41.0349
1853.54 40.6185
1902.32 40.2312
1951.1 39.8828
1999.88 39.5833
2048.65 39.3424
2097.43 39.1637
2146.21 39.04
2194.99 38.9626
2243.76 38.9233
2292.54 38.9135
2341.32 38.9248
2390.1 38.9488
2438.87 38.977
2487.65 39.0009
2536.43 39.0121
2585.21 39.0043
2633.98 38.9847
2682.76 38.9655
2731.54 38.9588
2780.32 38.9771
2829.09 39.0324
2877.87 39.1371
2926.65 39.3034
2975.43 39.5436
3024.2 39.8698
3072.98 40.2937
3121.76 40.807
3170.54 41.3775
3219.31 41.9714
3268.09 42.5549
3316.87 43.0943
3365.65 43.556
3414.42 43.9061
3463.2 44.111
3511.98 44.1369
3560.76 43.95
3609.53 43.5288
3658.31 42.9001
3707.09 42.1029
3755.87 41.176
3804.64 40.1585
3853.42 39.0893
3902.2 38.0073
3950.98 36.9516
3999.75 35.961
4048.53 35.0744
4097.31 34.3294
4146.09 33.7364
4194.86 33.2841
4243.64 32.9603
4292.42 32.7528
4341.2 32.6495
4389.97 32.6382
4438.75 32.7067
4487.53 32.843
4536.31 33.0348
4585.08 33.2699
4633.86 33.5381
4682.64 33.8338
4731.42 34.152
4780.19 34.488
4828.97 34.8369
4877.75 35.1939
4926.53 35.5541
4975.3 35.9128
5024.08 36.265
5072.86 36.6059
5121.64 36.9316
5170.41 37.2466
5219.19 37.5605
5267.97 37.8828
5316.75 38.2231
5365.52 38.5907
5414.3 38.9954
5463.08 39.4466
5511.86 39.9539
5560.63 40.5267
5609.41 41.1746
5658.19 41.8985
5706.97 42.6842
5755.74 43.5161
5804.52 44.3787
5853.3 45.2563
5902.08 46.1332
5950.85 46.9939
5999.63 47.8227
6048.41 48.604
6097.19 49.3222
6145.96 49.9636
6194.74 50.5255
6243.52 51.0099
6292.3 51.4187
6341.07 51.7536
6389.85 52.0166
6438.63 52.2095
6487.41 52.3342
6536.18 52.3925
6584.96 52.3862
6633.74 52.3174
6682.52 52.1913
6731.29 52.0171
6780.07 51.8045
6828.85 51.5629
6877.63 51.3018
6926.4 51.0307
6975.18 50.7592
7023.96 50.4968
7072.74 50.2529
7121.51 50.0372
7170.29 49.858
7219.07 49.7195
7267.85 49.6247
7316.62 49.5768
7365.4 49.5789
7414.18 49.6339
7462.96 49.745
7511.73 49.9153
7560.51 50.1477
7609.29 50.4455
7658.07 50.8119
7706.84 51.2526
7755.62 51.7757
7804.4 52.3892
7853.18 53.1011
7901.95 53.9197
7950.73 54.8528
7999.51 55.9086
8048.29 57.0951
8097.06 58.4204
8145.84 59.8924
8194.62 61.504
8243.4 63.2073
8292.17 64.9481
8340.95 66.6721
8389.73 68.3252
8438.51 69.853
8487.28 71.2013
8536.06 72.3159
8584.84 73.1426
8633.62 73.627
8682.39 73.7227
8731.17 73.4597
8779.95 72.9114
8828.73 72.1515
8877.5 71.2539
8926.28 70.2924
8975.06 69.341
9023.84 68.4733
9072.61 67.7634
9121.39 67.2849
9170.17 67.1113
9218.95 67.2693
9267.72 67.7036
9316.5 68.3508
9365.28 69.1473
9414.06 70.0295
9462.83 70.9338
9511.61 71.7968
9560.39 72.5549
9609.17 73.1444
9657.94 73.502
9706.72 73.5758
9755.5 73.3879
9804.28 72.9883
9853.05 72.427
9901.83 71.754
9950.61 71.0195
9999.39 70.2733
10048.2 69.5657
10096.9 68.9466
10145.7 68.466
10194.5 68.1731
10243.3 68.0839
10292.1 68.1746
10340.8 68.4193
10389.6 68.792
10438.4 69.2665
10487.2 69.8169
10535.9 70.417
10584.7 71.041
10633.5 71.6626
10682.3 72.2559
10731 72.7972
10779.8 73.2721
10828.6 73.6686
10877.4 73.9747
10926.2 74.1785
10974.9 74.2678
11023.7 74.2307
11072.5 74.0552
11121.3 73.7292
11170 73.2408
11218.8 72.5792
11267.6 71.7531
11316.4 70.7879
11365.2 69.7092
11413.9 68.5429
11462.7 67.3145
11511.5 66.05
11560.3 64.7749
11609 63.515
11657.8 62.2961
11706.6 61.1438
11755.4 60.078
11804.2 59.1027
11852.9 58.2196
11901.7 57.4302
11950.5 56.7362
11999.3 56.1391
12048 55.6407
12096.8 55.2424
12145.6 54.9458
12194.4 54.7527
12243.1 54.6638
12291.9 54.6734
12340.7 54.7718
12389.5 54.9494
12438.3 55.1964
12487 55.5033
12535.8 55.8602
12584.6 56.2576
12633.4 56.6857
12682.1 57.1349
12730.9 57.5954
12779.7 58.0582
12828.5 58.5149
12877.3 58.9575
12926 59.3778
12974.8 59.7676
13023.6 60.1187
13072.4 60.4231
13121.1 60.6726
13169.9 60.859
13218.7 60.9742
13267.5 61.0129
13316.3 60.9883
13365 60.9202
13413.8 60.8287
13462.6 60.7337
13511.4 60.6553
13560.1 60.6134
13608.9 60.6281
13657.7 60.7192
13706.5 60.9068
13755.3 61.2103
13804 61.629
13852.8 62.1378
13901.6 62.7104
13950.4 63.3203
13999.1 63.9411
14047.9 64.5464
14096.7 65.1098
14145.5 65.6049
14194.2 66.0053
14243 66.2845
14291.8 66.4244
14340.6 66.4403
14389.4 66.3555
14438.1 66.1936
14486.9 65.978
14535.7 65.7322
14584.5 65.4797
14633.2 65.2439
14682 65.0484
14730.8 64.9165
14779.6 64.8708
14828.4 64.916
14877.1 65.0423
14925.9 65.2392
14974.7 65.4966
15023.5 65.804
15072.2 66.1512
15121 66.5279
15169.8 66.9237
15218.6 67.3283
15267.4 67.7315
15316.1 68.1247
15364.9 68.5044
15413.7 68.8679
15462.5 69.2124
15511.2 69.5352
15560 69.8335
15608.8 70.1044
15657.6 70.3454
15706.4 70.5536
15755.1 70.7263
15803.9 70.8615
15852.7 70.9665
15901.5 71.0531
15950.2 71.1336
15999 71.2201
16047.8 71.3246
16096.6 71.4594
16145.3 71.6366
16194.1 71.8683
16242.9 72.1666
16291.7 72.5434
16340.5 72.996
16389.2 73.4952
16438 74.0095
16486.8 74.5069
16535.6 74.956
16584.3 75.325
16633.1 75.5821
16681.9 75.6957
16730.7 75.6342
16779.5 75.3657
16828.2 74.8683
16877 74.1787
16925.8 73.3565
16974.6 72.4612
17023.3 71.5522
17072.1 70.6891
17120.9 69.9313
17169.7 69.3384
17218.5 68.9698
17267.2 68.885
17316 69.1418
17364.8 69.7436
17413.6 70.6279
17462.3 71.7282
17511.1 72.9782
17559.9 74.3115
17608.7 75.6617
17657.5 76.9624
17706.2 78.1472
17755 79.1498
17803.8 79.9036
17852.6 80.3629
17901.3 80.5633
17950.1 80.5609
17998.9 80.4121
18047.7 80.173
18096.4 79.8998
18145.2 79.6487
18194 79.4758
18242.8 79.4374
18291.6 79.5896
18340.3 79.9858
18389.1 80.6328
18437.9 81.4984
18486.7 82.5492
18535.4 83.7521
18584.2 85.0736
18633 86.4805
18681.8 87.9395
18730.6 89.4174
18779.3 90.8807
18828.1 92.2962
18876.9 93.6361
18925.7 94.8867
18974.4 96.0367
19023.2 97.0748
19072 97.9897
19120.8 98.77
19169.6 99.4044
19218.3 99.8817
19267.1 100.19
19315.9 100.319
19364.7 100.259
19413.4 100.017
19462.2 99.6108
19511 99.0586
19559.8 98.3778
19608.6 97.5863
19657.3 96.7018
19706.1 95.742
19754.9 94.7246
19803.7 93.6675
19852.4 92.5883
19901.2 91.5092
19950 90.4599
19998.8 89.4709
20047.5 88.5726
20096.3 87.7955
20145.1 87.1701
20193.9 86.7268
20242.7 86.4962
20291.4 86.5087
20340.2 86.7948
20389 87.3741
20437.8 88.1998
20486.5 89.1995
20535.3 90.3009
20584.1 91.4316
20632.9 92.5192
20681.7 93.4914
20730.4 94.2757
20779.2 94.8
20828 94.9917
20876.8 94.7806
20925.5 94.167
20974.3 93.2356
21023.1 92.0763
21071.9 90.7792
21120.7 89.4342
21169.4 88.1312
21218.2 86.9602
21267 86.0111
21315.8 85.3738
21364.5 85.1383
21413.3 85.3607
21462.1 85.9622
21510.9 86.8302
21559.7 87.852
21608.4 88.915
21657.2 89.9065
21706 90.7138
21754.8 91.2245
21803.5 91.3258
21852.3 90.9051
21901.1 89.8576
21949.9 88.2111
21998.6 86.1033
22047.4 83.6753
22096.2 81.0681
22145 78.4228
22193.8 75.8804
22242.5 73.582
22291.3 71.6686
22340.1 70.2812
22388.9 69.5608
22437.6 69.5807
22486.4 70.2372
22535.2 71.3977
22584 72.9298
22632.8 74.7008
22681.5 76.5783
22730.3 78.4298
22779.1 80.1227
22827.9 81.5246
22876.6 82.5028
22925.4 82.9393
22974.2 82.8569
23023 82.3584
23071.8 81.5476
23120.5 80.5283
23169.3 79.4042
23218.1 78.2791
23266.9 77.2568
23315.6 76.441
23364.4 75.9355
23413.2 75.8434
23462 76.2054
23510.8 76.9528
23559.5 78.0055
23608.3 79.2835
23657.1 80.7068
23705.9 82.1954
23754.6 83.6693
23803.4 85.0484
23852.2 86.2528
23901 87.2024
23949.7 87.8315
23998.5 88.1622
24047.3 88.25
24096.1 88.1508
24144.9 87.92
24193.6 87.6135
24242.4 87.287
24291.2 86.9959
24340 86.7962
24388.7 86.7434
24437.5 86.8921
24486.3 87.2632
24535.1 87.8367
24583.9 88.5899
24632.6 89.5005
24681.4 90.546
24730.2 91.7039
24779 92.9517
24827.7 94.2669
24876.5 95.6271
24925.3 97.0097