0 692.624
6.66145 694.583
13.3229 696.543
19.9843 698.503
26.6458 700.464
33.3072 702.427
39.9687 704.391
46.6301 706.357
53.2916 708.326
59.953 710.297
66.6145 712.27
73.2759 714.248
79.9374 716.228
86.5988 718.213
93.2603 720.201
99.9217 722.195
106.583 724.193
113.245 726.196
119.906 728.205
126.568 730.22
133.229 732.24
139.89 734.268
146.552 736.302
153.213 738.343
159.875 740.392
166.536 742.448
173.198 744.513
179.859 746.586
186.521 748.667
193.182 750.758
199.843 752.858
206.505 754.968
213.166 757.088
219.828 759.218
226.489 761.359
233.151 763.511
239.812 765.674
246.474 767.849
253.135 770.036
259.796 772.235
266.458 774.447
273.119 776.671
279.781 778.909
286.442 781.161
293.104 783.427
299.765 785.706
306.427 788.001
313.088 790.31
319.75 792.634
326.411 794.974
333.072 797.33
339.734 799.702
346.395 802.091
353.057 804.496
359.718 806.919
366.38 809.359
373.041 811.816
379.703 814.292
386.364 816.787
393.025 819.3
399.687 821.831
406.348 824.382
413.01 826.952
419.671 829.541
426.333 832.15
432.994 834.779
439.656 837.427
446.317 840.096
452.978 842.785
459.64 845.494
466.301 848.224
472.963 850.975
479.624 853.747
486.286 856.541
492.947 859.355
499.609 862.192
506.27 865.05
512.932 867.93
519.593 870.833
526.254 873.757
532.916 876.705
539.577 879.675
546.239 882.668
552.9 885.684
559.562 888.724
566.223 891.787
572.885 894.873
579.546 897.984
586.207 901.119
592.869 904.278
599.53 907.461
606.192 910.669
612.853 913.902
619.515 917.16
626.176 920.443
632.838 923.752
639.499 927.086
646.16 930.446
652.822 933.832
659.483 937.244
666.145 940.682
672.806 944.147
679.468 947.639
686.129 951.158
692.791 954.703
699.452 958.276
706.114 961.877
712.775 965.505
719.436 969.161
726.098 972.845
732.759 976.557
739.421 980.298
746.082 984.067
752.744 987.865
759.405 991.692
766.067 995.548
772.728 999.432
779.389 1003.34
786.051 1007.28
792.712 1011.24
799.374 1015.23
806.035 1019.25
812.697 1023.28
819.358 1027.34
826.02 1031.42
832.681 1035.52
839.342 1039.65
846.004 1043.79
852.665 1047.95
859.327 1052.13
865.988 1056.33
872.65 1060.55
879.311 1064.78
885.973 1069.02
892.634 1073.28
899.295 1077.56
905.957 1081.85
912.618 1086.15
919.28 1090.46
925.941 1094.78
932.603 1099.11
939.264 1103.46
945.926 1107.81
952.587 1112.17
959.249 1116.53
965.91 1120.91
972.571 1125.28
979.233 1129.67
985.894 1134.05
992.556 1138.45
999.217 1142.84
1005.88 1147.23
1012.54 1151.63
1019.2 1156.03
1025.86 1160.43
1032.52 1164.82
1039.19 1169.22
1045.85 1173.61
1052.51 1178
1059.17 1182.38
1065.83 1186.76
1072.49 1191.14
1079.15 1195.5
1085.82 1199.87
1092.48 1204.22
1099.14 1208.56
1105.8 1212.9
1112.46 1217.23
1119.12 1221.54
1125.78 1225.84
1132.45 1230.14
1139.11 1234.42
1145.77 1238.68
1152.43 1242.93
1159.09 1247.18
1165.75 1251.41
1172.41 1255.62
1179.08 1259.83
1185.74 1264.03
1192.4 1268.22
1199.06 1272.4
1205.72 1276.57
1212.38 1280.73
1219.05 1284.88
1225.71 1289.02
1232.37 1293.16
1239.03 1297.29
1245.69 1301.41
1252.35 1305.53
1259.01 1309.64
1265.68 1313.75
1272.34 1317.85
1279 1321.95
1285.66 1326.04
1292.32 1330.13
1298.98 1334.21
1305.64 1338.3
1312.31 1342.38
1318.97 1346.46
1325.63 1350.54
1332.29 1354.61
1338.95 1358.69
1345.61 1362.77
1352.27 1366.84
1358.94 1370.92
1365.6 1375
1372.26 1379.07
1378.92 1383.16
1385.58 1387.24
1392.24 1391.33
1398.9 1395.41
1405.57 1399.51
1412.23 1403.6
1418.89 1407.71
1425.55 1411.81
1432.21 1415.92
1438.87 1420.04
1445.53 1424.16
1452.2 1428.29
1458.86 1432.43
1465.52 1436.57
1472.18 1440.73
1478.84 1444.89
1485.5 1449.05
1492.16 1453.23
1498.83 1457.42
1505.49 1461.62
1512.15 1465.82
1518.81 1470.04
1525.47 1474.27
1532.13 1478.51
1538.79 1482.75
1545.46 1487.01
1552.12 1491.26
1558.78 1495.53
1565.44 1499.8
1572.1 1504.07
1578.76 1508.34
1585.42 1512.62
1592.09 1516.89
1598.75 1521.17
1605.41 1525.44
1612.07 1529.72
1618.73 1533.99
1625.39 1538.25
1632.05 1542.51
1638.72 1546.77
1645.38 1551.01
1652.04 1555.25
1658.7 1559.48
1665.36 1563.7
1672.02 1567.91
1678.68 1572.11
1685.35 1576.3
1692.01 1580.47
1698.67 1584.63
1705.33 1588.77
1711.99 1592.9
1718.65 1597.01
1725.32 1601.1
1731.98 1605.18
1738.64 1609.23
1745.3 1613.26
1751.96 1617.27
1758.62 1621.26
1765.28 1625.22
1771.95 1629.16
1778.61 1633.07
1785.27 1636.96
1791.93 1640.82
1798.59 1644.65
1805.25 1648.45
1811.91 1652.22
1818.58 1655.96
1825.24 1659.67
1831.9 1663.34
1838.56 1666.98
1845.22 1670.59
1851.88 1674.16
1858.54 1677.69
1865.21 1681.18
1871.87 1684.64
1878.53 1688.06
1885.19 1691.43
1891.85 1694.77
1898.51 1698.06
1905.17 1701.31
1911.84 1704.52
1918.5 1707.7
1925.16 1710.83
1931.82 1713.93
1938.48 1717
1945.14 1720.03
1951.8 1723.03
1958.47 1726
1965.13 1728.94
1971.79 1731.85
1978.45 1734.74
1985.11 1737.59
1991.77 1740.43
1998.43 1743.24
2005.1 1746.03
2011.76 1748.8
2018.42 1751.55
2025.08 1754.28
2031.74 1756.99
2038.4 1759.69
2045.06 1762.38
2051.73 1765.05
2058.39 1767.71
2065.05 1770.36
2071.71 1773
2078.37 1775.63
2085.03 1778.26
2091.69 1780.88
2098.36 1783.49
2105.02 1786.11
2111.68 1788.72
2118.34 1791.33
2125 1793.94
2131.66 1796.56
2138.32 1799.17
2144.99 1801.8
2151.65 1804.43
2158.31 1807.06
2164.97 1809.71
2171.63 1812.36
2178.29 1815.03
2184.95 1817.7
2191.62 1820.4
2198.28 1823.1
2204.94 1825.83
2211.6 1828.57
2218.26 1831.33
2224.92 1834.1
2231.59 1836.9
2238.25 1839.73
2244.91 1842.57
2251.57 1845.45
2258.23 1848.34
2264.89 1851.27
2271.55 1854.22
2278.22 1857.21
2284.88 1860.22
2291.54 1863.27
2298.2 1866.34
2304.86 1869.45
2311.52 1872.58
2318.18 1875.75
2324.85 1878.95
2331.51 1882.18
2338.17 1885.44
2344.83 1888.73
2351.49 1892.06
2358.15 1895.41
2364.81 1898.8
2371.48 1902.22
2378.14 1905.68
2384.8 1909.16
2391.46 1912.68
2398.12 1916.24
2404.78 1919.82
2411.44 1923.44
2418.11 1927.1
2424.77 1930.78
2431.43 1934.5
2438.09 1938.26
2444.75 1942.05
2451.41 1945.88
2458.07 1949.74
2464.74 1953.63
2471.4 1957.56
2478.06 1961.53
2484.72 1965.53
2491.38 1969.57
2498.04 1973.64
2504.7 1977.75
2511.37 1981.9
2518.03 1986.08
2524.69 1990.3
2531.35 1994.55
2538.01 1998.85
2544.67 2003.18
2551.33 2007.55
2558 2011.95
2564.66 2016.4
2571.32 2020.88
2577.98 2025.4
2584.64 2029.96
2591.3 2034.55
2597.96 2039.19
2604.63 2043.87
2611.29 2048.58
2617.95 2053.33
2624.61 2058.13
2631.27 2062.96
2637.93 2067.83
2644.59 2072.75
2651.26 2077.7
2657.92 2082.69
2664.58 2087.72
2671.24 2092.78
2677.9 2097.87
2684.56 2102.99
2691.23 2108.14
2697.89 2113.3
2704.55 2118.48
2711.21 2123.68
2717.87 2128.89
2724.53 2134.11
2731.19 2139.33
2737.86 2144.56
2744.52 2149.79
2751.18 2155.02
2757.84 2160.24
2764.5 2165.46
2771.16 2170.66
2777.82 2175.85
2784.49 2181.02
2791.15 2186.18
2797.81 2191.31
2804.47 2196.41
2811.13 2201.49
2817.79 2206.53
2824.45 2211.54
2831.12 2216.52
2837.78 2221.45
2844.44 2226.34
2851.1 2231.18
2857.76 2235.97
2864.42 2240.72
2871.08 2245.4
2877.75 2250.03
2884.41 2254.6
2891.07 2259.1
2897.73 2263.54
2904.39 2267.91
2911.05 2272.21
2917.71 2276.43
2924.38 2280.57
2931.04 2284.63
2937.7 2288.6
2944.36 2292.49
2951.02 2296.29
2957.68 2300
2964.34 2303.61
2971.01 2307.12
2977.67 2310.53
2984.33 2313.83
2990.99 2317.03
2997.65 2320.11
3004.31 2323.08
3010.97 2325.94
3017.64 2328.68
3024.3 2331.29
3030.96 2333.78
3037.62 2336.14
3044.28 2338.39
3050.94 2340.51
3057.6 2342.52
3064.27 2344.41
3070.93 2346.18
3077.59 2347.85
3084.25 2349.41
3090.91 2350.86
3097.57 2352.2
3104.23 2353.45
3110.9 2354.59
3117.56 2355.64
3124.22 2356.59
3130.88 2357.45
3137.54 2358.22
3144.2 2358.9
3150.86 2359.49
3157.53 2360
3164.19 2360.42
3170.85 2360.77
3177.51 2361.04
3184.17 2361.23
3190.83 2361.35
3197.5 2361.4
3204.16 2361.38
3210.82 2361.29
3217.48 2361.14
3224.14 2360.93
3230.8 2360.66
3237.46 2360.33
3244.13 2359.94
3250.79 2359.5
3257.45 2359.01
3264.11 2358.47
3270.77 2357.89
3277.43 2357.26
3284.09 2356.58
3290.76 2355.87
3297.42 2355.12
3304.08 2354.34
3310.74 2353.52
3317.4 2352.67
3324.06 2351.79
3330.72 2350.89
3337.39 2349.96
3344.05 2349.01
3350.71 2348.03
3357.37 2347.04
3364.03 2346.04
3370.69 2345.02
3377.35 2343.99
3384.02 2342.95
3390.68 2341.91
3397.34 2340.86
3404 2339.81