0 690.91
6.66145 692.59
13.3229 693.533
19.9843 694.012
26.6458 694.243
33.3072 694.393
39.9687 694.587
46.6301 694.917
53.2916 695.446
59.953 696.214
66.6145 697.242
73.2759 698.535
79.9374 700.088
86.5988 701.888
93.2603 703.912
99.9217 706.137
106.583 708.534
113.245 711.075
119.906 713.731
126.568 716.473
133.229 719.275
139.89 722.112
146.552 724.961
153.213 727.804
159.875 730.623
166.536 733.404
173.198 736.137
179.859 738.812
186.521 741.425
193.182 743.971
199.843 746.45
206.505 748.862
213.166 751.211
219.828 753.501
226.489 755.738
233.151 757.928
239.812 760.08
246.474 762.202
253.135 764.302
259.796 766.39
266.458 768.475
273.119 770.567
279.781 772.674
286.442 774.805
293.104 776.967
299.765 779.17
306.427 781.418
313.088 783.719
319.75 786.077
326.411 788.499
333.072 790.986
339.734 793.542
346.395 796.169
353.057 798.868
359.718 801.64
366.38 804.484
373.041 807.399
379.703 810.383
386.364 813.434
393.025 816.548
399.687 819.721
406.348 822.951
413.01 826.231
419.671 829.557
426.333 832.924
432.994 836.326
439.656 839.757
446.317 843.212
452.978 846.685
459.64 850.17
466.301 853.661
472.963 857.152
479.624 860.639
486.286 864.115
492.947 867.576
499.609 871.017
506.27 874.433
512.932 877.821
519.593 881.177
526.254 884.497
532.916 887.779
539.577 891.02
546.239 894.218
552.9 897.372
559.562 900.481
566.223 903.544
572.885 906.561
579.546 909.533
586.207 912.459
592.869 915.342
599.53 918.183
606.192 920.984
612.853 923.747
619.515 926.475
626.176 929.171
632.838 931.839
639.499 934.482
646.16 937.103
652.822 939.708
659.483 942.3
666.145 944.884
672.806 947.464
679.468 950.045
686.129 952.632
692.791 955.229
699.452 957.842
706.114 960.476
712.775 963.134
719.436 965.822
726.098 968.544
732.759 971.305
739.421 974.109
746.082 976.961
752.744 979.863
759.405 982.821
766.067 985.838
772.728 988.916
779.389 992.059
786.051 995.27
792.712 998.552
799.374 1001.91
806.035 1005.33
812.697 1008.84
819.358 1012.42
826.02 1016.08
832.681 1019.82
839.342 1023.64
846.004 1027.54
852.665 1031.52
859.327 1035.57
865.988 1039.71
872.65 1043.92
879.311 1048.21
885.973 1052.57
892.634 1057
899.295 1061.5
905.957 1066.07
912.618 1070.71
919.28 1075.4
925.941 1080.16
932.603 1084.97
939.264 1089.83
945.926 1094.74
952.587 1099.69
959.249 1104.69
965.91 1109.72
972.571 1114.79
979.233 1119.88
985.894 1125
992.556 1130.14
999.217 1135.3
1005.88 1140.47
1012.54 1145.65
1019.2 1150.83
1025.86 1156.02
1032.52 1161.19
1039.19 1166.37
1045.85 1171.53
1052.51 1176.67
1059.17 1181.8
1065.83 1186.91
1072.49 1191.99
1079.15 1197.04
1085.82 1202.06
1092.48 1207.05
1099.14 1212
1105.8 1216.91
1112.46 1221.78
1119.12 1226.61
1125.78 1231.4
1132.45 1236.14
1139.11 1240.83
1145.77 1245.47
1152.43 1250.07
1159.09 1254.61
1165.75 1259.1
1172.41 1263.55
1179.08 1267.94
1185.74 1272.28
1192.4 1276.58
1199.06 1280.82
1205.72 1285.02
1212.38 1289.17
1219.05 1293.27
1225.71 1297.33
1232.37 1301.34
1239.03 1305.32
1245.69 1309.25
1252.35 1313.15
1259.01 1317.01
1265.68 1320.84
1272.34 1324.64
1279 1328.41
1285.66 1332.16
1292.32 1335.88
1298.98 1339.58
1305.64 1343.27
1312.31 1346.94
1318.97 1350.6
1325.63 1354.26
1332.29 1357.91
1338.95 1361.55
1345.61 1365.2
1352.27 1368.85
1358.94 1372.51
1365.6 1376.17
1372.26 1379.85
1378.92 1383.54
1385.58 1387.25
1392.24 1390.98
1398.9 1394.73
1405.57 1398.51
1412.23 1402.31
1418.89 1406.14
1425.55 1410
1432.21 1413.89
1438.87 1417.82
1445.53 1421.78
1452.2 1425.78
1458.86 1429.81
1465.52 1433.89
1472.18 1438
1478.84 1442.15
1485.5 1446.35
1492.16 1450.58
1498.83 1454.85
1505.49 1459.16
1512.15 1463.52
1518.81 1467.91
1525.47 1472.34
1532.13 1476.81
1538.79 1481.31
1545.46 1485.85
1552.12 1490.42
1558.78 1495.02
1565.44 1499.65
1572.1 1504.31
1578.76 1509
1585.42 1513.71
1592.09 1518.44
1598.75 1523.19
1605.41 1527.95
1612.07 1532.73
1618.73 1537.51
1625.39 1542.3
1632.05 1547.1
1638.72 1551.89
1645.38 1556.68
1652.04 1561.47
1658.7 1566.24
1665.36 1571
1672.02 1575.74
1678.68 1580.47
1685.35 1585.16
1692.01 1589.83
1698.67 1594.47
1705.33 1599.08
1711.99 1603.64
1718.65 1608.17
1725.32 1612.64
1731.98 1617.07
1738.64 1621.45
1745.3 1625.78
1751.96 1630.05
1758.62 1634.25
1765.28 1638.4
1771.95 1642.47
1778.61 1646.49
1785.27 1650.43
1791.93 1654.29
1798.59 1658.09
1805.25 1661.81
1811.91 1665.45
1818.58 1669.01
1825.24 1672.5
1831.9 1675.9
1838.56 1679.22
1845.22 1682.47
1851.88 1685.63
1858.54 1688.7
1865.21 1691.7
1871.87 1694.62
1878.53 1697.45
1885.19 1700.21
1891.85 1702.89
1898.51 1705.49
1905.17 1708.02
1911.84 1710.48
1918.5 1712.86
1925.16 1715.18
1931.82 1717.43
1938.48 1719.62
1945.14 1721.75
1951.8 1723.83
1958.47 1725.85
1965.13 1727.82
1971.79 1729.74
1978.45 1731.63
1985.11 1733.47
1991.77 1735.29
1998.43 1737.07
2005.1 1738.83
2011.76 1740.57
2018.42 1742.29
2025.08 1744
2031.74 1745.71
2038.4 1747.42
2045.06 1749.13
2051.73 1750.85
2058.39 1752.58
2065.05 1754.33
2071.71 1756.11
2078.37 1757.91
2085.03 1759.75
2091.69 1761.62
2098.36 1763.54
2105.02 1765.5
2111.68 1767.51
2118.34 1769.58
2125 1771.71
2131.66 1773.91
2138.32 1776.17
2144.99 1778.5
2151.65 1780.9
2158.31 1783.38
2164.97 1785.94
2171.63 1788.59
2178.29 1791.31
2184.95 1794.13
2191.62 1797.03
2198.28 1800.02
2204.94 1803.11
2211.6 1806.28
2218.26 1809.55
2224.92 1812.92
2231.59 1816.37
2238.25 1819.92
2244.91 1823.56
2251.57 1827.29
2258.23 1831.12
2264.89 1835.03
2271.55 1839.02
2278.22 1843.11
2284.88 1847.27
2291.54 1851.51
2298.2 1855.83
2304.86 1860.22
2311.52 1864.69
2318.18 1869.21
2324.85 1873.8
2331.51 1878.45
2338.17 1883.15
2344.83 1887.9
2351.49 1892.7
2358.15 1897.53
2364.81 1902.39
2371.48 1907.29
2378.14 1912.21
2384.8 1917.15
2391.46 1922.1
2398.12 1927.05
2404.78 1932.02
2411.44 1936.97
2418.11 1941.92
2424.77 1946.86
2431.43 1951.78
2438.09 1956.68
2444.75 1961.55
2451.41 1966.38
2458.07 1971.18
2464.74 1975.94
2471.4 1980.66
2478.06 1985.33
2484.72 1989.94
2491.38 1994.5
2498.04 1999.01
2504.7 2003.45
2511.37 2007.83
2518.03 2012.15
2524.69 2016.41
2531.35 2020.6
2538.01 2024.72
2544.67 2028.78
2551.33 2032.77
2558 2036.7
2564.66 2040.57
2571.32 2044.37
2577.98 2048.12
2584.64 2051.8
2591.3 2055.44
2597.96 2059.02
2604.63 2062.56
2611.29 2066.05
2617.95 2069.51
2624.61 2072.93
2631.27 2076.32
2637.93 2079.7
2644.59 2083.05
2651.26 2086.39
2657.92 2089.72
2664.58 2093.06
2671.24 2096.4
2677.9 2099.76
2684.56 2103.13
2691.23 2106.53
2697.89 2109.96
2704.55 2113.43
2711.21 2116.95
2717.87 2120.51
2724.53 2124.13
2731.19 2127.81
2737.86 2131.56
2744.52 2135.38
2751.18 2139.28
2757.84 2143.25
2764.5 2147.3
2771.16 2151.45
2777.82 2155.67
2784.49 2159.99
2791.15 2164.4
2797.81 2168.89
2804.47 2173.47
2811.13 2178.15
2817.79 2182.9
2824.45 2187.74
2831.12 2192.66
2837.78 2197.65
2844.44 2202.71
2851.1 2207.83
2857.76 2213.01
2864.42 2218.23
2871.08 2223.49
2877.75 2228.79
2884.41 2234.09
2891.07 2239.41
2897.73 2244.72
2904.39 2250.02
2911.05 2255.28
2917.71 2260.51
2924.38 2265.68
2931.04 2270.78
2937.7 2275.8
2944.36 2280.72
2951.02 2285.52
2957.68 2290.21
2964.34 2294.75
2971.01 2299.14
2977.67 2303.36
2984.33 2307.41
2990.99 2311.26
2997.65 2314.92
3004.31 2318.36
3010.97 2321.58
3017.64 2324.58
3024.3 2327.34
3030.96 2329.86
3037.62 2332.14
3044.28 2334.18
3050.94 2335.96
3057.6 2337.51
3064.27 2338.82
3070.93 2339.89
3077.59 2340.73
3084.25 2341.36
3090.91 2341.78
3097.57 2342
3104.23 2342.05
3110.9 2341.94
3117.56 2341.68
3124.22 2341.3
3130.88 2340.82
3137.54 2340.26
3144.2 2339.64
3150.86 2338.99
3157.53 2338.34
3164.19 2337.71
3170.85 2337.13
3177.51 2336.61
3184.17 2336.19
3190.83 2335.88
3197.5 2335.71
3204.16 2335.69
3210.82 2335.85
3217.48 2336.18
3224.14 2336.7
3230.8 2337.42
3237.46 2338.34
3244.13 2339.44
3250.79 2340.73
3257.45 2342.17
3264.11 2343.76
3270.77 2345.47
3277.43 2347.25
3284.09 2349.07
3290.76 2350.89
3297.42 2352.65
3304.08 2354.31
3310.74 2355.81
3317.4 2357.08
3324.06 2358.07
3330.72 2358.73
3337.39 2359
3344.05 2358.84
3350.71 2358.24
3357.37 2357.16
3364.03 2355.63
3370.69 2353.69
3377.35 2351.41
3384.02 2348.91
3390.68 2346.37
3397.34 2344.02
3404 2342.19