0 60.4255
1.13238 60.3746
2.26477 60.3282
3.39715 60.2862
4.52953 60.2482
5.66192 60.2141
6.7943 60.1836
7.92668 60.1566
9.05907 60.1327
10.1915 60.1119
11.3238 60.0939
12.4562 60.0785
13.5886 60.0656
14.721 60.0551
15.8534 60.0467
16.9858 60.0403
18.1181 60.0358
19.2505 60.033
20.3829 60.0317
21.5153 60.032
22.6477 60.0336
23.7801 60.0364
24.9124 60.0404
26.0448 60.0454
27.1772 60.0513
28.3096 60.058
29.442 60.0655
30.5744 60.0736
31.7067 60.0823
32.8391 60.0915
33.9715 60.1012
35.1039 60.1112
36.2363 60.1215
37.3687 60.132
38.501 60.1428
39.6334 60.1536
40.7658 60.1646
41.8982 60.1756
43.0306 60.1866
44.163 60.1976
45.2953 60.2085
46.4277 60.2194
47.5601 60.23
48.6925 60.2406
49.8249 60.2509
50.9573 60.261
52.0896 60.271
53.222 60.2806
54.3544 60.29
55.4868 60.2992
56.6192 60.3081
57.7516 60.3166
58.8839 60.3249
60.0163 60.3329
61.1487 60.3406
62.2811 60.3479
63.4135 60.355
64.5459 60.3617
65.6782 60.3681
66.8106 60.3742
67.943 60.38
69.0754 60.3855
70.2078 60.3908
71.3402 60.3957
72.4725 60.4003
73.6049 60.4047
74.7373 60.4089
75.8697 60.4127
77.0021 60.4164
78.1345 60.4198
79.2668 60.423
80.3992 60.426
81.5316 60.4288
82.664 60.4314
83.7964 60.4338
84.9288 60.4362
86.0611 60.4383
87.1935 60.4404
88.3259 60.4424
89.4583 60.4442
90.5907 60.446
91.7231 60.4478
92.8554 60.4495
93.9878 60.4511
95.1202 60.4528
96.2526 60.4545
97.385 60.4562
98.5174 60.4579
99.6497 60.4596
100.782 60.4615
101.915 60.4634
103.047 60.4654
104.179 60.4675
105.312 60.4698
106.444 60.4721
107.576 60.4747
108.709 60.4774
109.841 60.4802
110.974 60.4833
112.106 60.4866
113.238 60.4901
114.371 60.4938
115.503 60.4977
116.636 60.5019
117.768 60.5064
118.9 60.5111
120.033 60.5161
121.165 60.5214
122.297 60.527
123.43 60.533
124.562 60.5392
125.695 60.5457
126.827 60.5526
127.959 60.5598
129.092 60.5674
130.224 60.5753
131.356 60.5836
132.489 60.5922
133.621 60.6012
134.754 60.6105
135.886 60.6202
137.018 60.6303
138.151 60.6408
139.283 60.6517
140.416 60.6629
141.548 60.6745
142.68 60.6865
143.813 60.6989
144.945 60.7116
146.077 60.7248
147.21 60.7383
148.342 60.7522
149.475 60.7665
150.607 60.7811
151.739 60.7961
152.872 60.8115
154.004 60.8273
155.137 60.8434
156.269 60.8598
157.401 60.8766
158.534 60.8938
159.666 60.9113
160.798 60.9291
161.931 60.9472
163.063 60.9657
164.196 60.9845
165.328 61.0036
166.46 61.0229
167.593 61.0426
168.725 61.0626
169.858 61.0828
170.99 61.1033
172.122 61.124
173.255 61.145
174.387 61.1662
175.519 61.1876
176.652 61.2093
177.784 61.2311
178.917 61.2532
180.049 61.2754
181.181 61.2978
182.314 61.3204
183.446 61.3431
184.579 61.3659
185.711 61.3889
186.843 61.4119
187.976 61.4351
189.108 61.4584
190.24 61.4817
191.373 61.5051
192.505 61.5286
193.638 61.5521
194.77 61.5756
195.902 61.5992
197.035 61.6227
198.167 61.6462
199.299 61.6697
200.432 61.6932
201.564 61.7166
202.697 61.74
203.829 61.7632
204.961 61.7864
206.094 61.8095
207.226 61.8325
208.359 61.8553
209.491 61.878
210.623 61.9006
211.756 61.923
212.888 61.9452
214.02 61.9673
215.153 61.9891
216.285 62.0107
217.418 62.0321
218.55 62.0533
219.682 62.0742
220.815 62.0949
221.947 62.1152
223.08 62.1354
224.212 62.1552
225.344 62.1747
226.477 62.1939
227.609 62.2128
228.741 62.2313
229.874 62.2496
231.006 62.2674
232.139 62.2849
233.271 62.302
234.403 62.3188
235.536 62.3351
236.668 62.3511
237.801 62.3667
238.933 62.3818
240.065 62.3965
241.198 62.4108
242.33 62.4247
243.462 62.4381
244.595 62.451
245.727 62.4635
246.86 62.4756
247.992 62.4872
249.124 62.4983
250.257 62.5089
251.389 62.519
252.522 62.5287
253.654 62.5378
254.786 62.5465
255.919 62.5546
257.051 62.5623
258.183 62.5694
259.316 62.5761
260.448 62.5822
261.581 62.5878
262.713 62.5929
263.845 62.5975
264.978 62.6015
266.11 62.605
267.243 62.608
268.375 62.6105
269.507 62.6125
270.64 62.6139
271.772 62.6149
272.904 62.6153
274.037 62.6151
275.169 62.6145
276.302 62.6133
277.434 62.6117
278.566 62.6095
279.699 62.6068
280.831 62.6036
281.963 62.5999
283.096 62.5957
284.228 62.591
285.361 62.5858
286.493 62.5802
287.625 62.574
288.758 62.5674
289.89 62.5603
291.023 62.5527
292.155 62.5447
293.287 62.5362
294.42 62.5273
295.552 62.5179
296.684 62.5081
297.817 62.4979
298.949 62.4872
300.082 62.4762
301.214 62.4647
302.346 62.4528
303.479 62.4406
304.611 62.4279
305.744 62.4149
306.876 62.4016
308.008 62.3878
309.141 62.3738
310.273 62.3593
311.405 62.3446
312.538 62.3296
313.67 62.3142
314.803 62.2986
315.935 62.2826
317.067 62.2664
318.2 62.2499
319.332 62.2332
320.465 62.2162
321.597 62.199
322.729 62.1816
323.862 62.1639
324.994 62.1461
326.126 62.128
327.259 62.1098
328.391 62.0914
329.524 62.0729
330.656 62.0542
331.788 62.0354
332.921 62.0165
334.053 61.9974
335.186 61.9783
336.318 61.9591
337.45 61.9398
338.583 61.9204
339.715 61.901
340.847 61.8815
341.98 61.8621
343.112 61.8426
344.245 61.8231
345.377 61.8036
346.509 61.7841
347.642 61.7646
348.774 61.7452
349.907 61.7259
351.039 61.7066
352.171 61.6874
353.304 61.6683
354.436 61.6492
355.568 61.6303
356.701 61.6115
357.833 61.5928
358.966 61.5743
360.098 61.5559
361.23 61.5377
362.363 61.5197
363.495 61.5018
364.627 61.4841
365.76 61.4666
366.892 61.4493
368.025 61.4323
369.157 61.4154
370.289 61.3988
371.422 61.3825
372.554 61.3664
373.687 61.3505
374.819 61.335
375.951 61.3197
377.084 61.3047
378.216 61.2899
379.348 61.2755
380.481 61.2614
381.613 61.2476
382.746 61.2341
383.878 61.2209
385.01 61.2081
386.143 61.1956
387.275 61.1834
388.408 61.1716
389.54 61.1601
390.672 61.149
391.805 61.1382
392.937 61.1278
394.069 61.1178
395.202 61.1081
396.334 61.0988
397.467 61.0899
398.599 61.0813
399.731 61.0731
400.864 61.0653
401.996 61.0579
403.129 61.0509
404.261 61.0442
405.393 61.0379
406.526 61.032
407.658 61.0265
408.79 61.0214
409.923 61.0166
411.055 61.0122
412.188 61.0082
413.32 61.0046
414.452 61.0013
415.585 60.9984
416.717 60.9959
417.85 60.9937
418.982 60.9919
420.114 60.9905
421.247 60.9894
422.379 60.9886
423.511 60.9882
424.644 60.9881
425.776 60.9884
426.909 60.989
428.041 60.9899
429.173 60.9911
430.306 60.9926
431.438 60.9944
432.571 60.9965
433.703 60.9989
434.835 61.0016
435.968 61.0045
437.1 61.0077
438.232 61.0112
439.365 61.0148
440.497 61.0188
441.63 61.0229
442.762 61.0273
443.894 61.0318
445.027 61.0366
446.159 61.0415
447.291 61.0466
448.424 61.0519
449.556 61.0573
450.689 61.0629
451.821 61.0686
452.953 61.0744
454.086 61.0804
455.218 61.0864
456.351 61.0925
457.483 61.0987
458.615 61.1049
459.748 61.1112
460.88 61.1175
462.012 61.1238
463.145 61.1302
464.277 61.1365
465.41 61.1429
466.542 61.1492
467.674 61.1554
468.807 61.1616
469.939 61.1678
471.072 61.1738
472.204 61.1798
473.336 61.1857
474.469 61.1915
475.601 61.1971
476.733 61.2026
477.866 61.2079
478.998 61.2131
480.131 61.2181
481.263 61.2229
482.395 61.2275
483.528 61.2319
484.66 61.2361
485.793 61.24
486.925 61.2437
488.057 61.2472
489.19 61.2504
490.322 61.2533
491.454 61.2559
492.587 61.2582
493.719 61.2602
494.852 61.2619
495.984 61.2633
497.116 61.2643
498.249 61.2651
499.381 61.2654
500.514 61.2654
501.646 61.2651
502.778 61.2644
503.911 61.2633
505.043 61.2618
506.175 61.26
507.308 61.2577
508.44 61.2551
509.573 61.2521
510.705 61.2487
511.837 61.2449
512.97 61.2407
514.102 61.2361
515.235 61.2311
516.367 61.2257
517.499 61.2199
518.632 61.2137
519.764 61.2071
520.896 61.2002
522.029 61.1928
523.161 61.1851
524.294 61.177
525.426 61.1685
526.558 61.1597
527.691 61.1505
528.823 61.141
529.955 61.1312
531.088 61.121
532.22 61.1105
533.353 61.0998
534.485 61.0887
535.617 61.0774
536.75 61.0659
537.882 61.0541
539.015 61.0421
540.147 61.0299
541.279 61.0175
542.412 61.005
543.544 60.9923
544.676 60.9795
545.809 60.9667
546.941 60.9538
548.074 60.9408
549.206 60.9279
550.338 60.915
551.471 60.9021
552.603 60.8894
553.736 60.8767
554.868 60.8642
556 60.8519
557.133 60.8398
558.265 60.828
559.397 60.8165
560.53 60.8054
561.662 60.7946
562.795 60.7842
563.927 60.7744
565.059 60.765
566.192 60.7562
567.324 60.7481
568.457 60.7406
569.589 60.7338
570.721 60.7278
571.854 60.7226
572.986 60.7183
574.118 60.7149
575.251 60.7126
576.383 60.7112
577.516 60.711
578.648 60.712