0 60.2901
1.13238 60.2945
2.26477 60.2988
3.39715 60.3029
4.52953 60.3067
5.66192 60.3101
6.7943 60.3131
7.92668 60.3156
9.05907 60.3174
10.1915 60.3184
11.3238 60.3187
12.4562 60.318
13.5886 60.3163
14.721 60.3135
15.8534 60.3095
16.9858 60.3042
18.1181 60.2975
19.2505 60.2893
20.3829 60.2796
21.5153 60.2683
22.6477 60.2552
23.7801 60.2402
24.9124 60.2233
26.0448 60.2044
27.1772 60.1834
28.3096 60.1602
29.442 60.1346
30.5744 60.1067
31.7067 60.0764
32.8391 60.0439
33.9715 60.0095
35.1039 59.9736
36.2363 59.9364
37.3687 59.8982
38.501 59.8593
39.6334 59.82
40.7658 59.7805
41.8982 59.7412
43.0306 59.7024
44.163 59.6643
45.2953 59.6272
46.4277 59.5914
47.5601 59.5573
48.6925 59.525
49.8249 59.495
50.9573 59.4674
52.0896 59.4426
53.222 59.4208
54.3544 59.4024
55.4868 59.3876
56.6192 59.3767
57.7516 59.3701
58.8839 59.368
60.0163 59.3706
61.1487 59.3784
62.2811 59.3913
63.4135 59.4091
64.5459 59.4316
65.6782 59.4582
66.8106 59.4888
67.943 59.523
69.0754 59.5604
70.2078 59.6008
71.3402 59.6438
72.4725 59.6891
73.6049 59.7362
74.7373 59.785
75.8697 59.8351
77.0021 59.8861
78.1345 59.9378
79.2668 59.9897
80.3992 60.0416
81.5316 60.0931
82.664 60.144
83.7964 60.1938
84.9288 60.2422
86.0611 60.2889
87.1935 60.3337
88.3259 60.376
89.4583 60.4157
90.5907 60.4524
91.7231 60.4857
92.8554 60.5156
93.9878 60.5421
95.1202 60.5654
96.2526 60.5857
97.385 60.6032
98.5174 60.6181
99.6497 60.6304
100.782 60.6405
101.915 60.6484
103.047 60.6543
104.179 60.6584
105.312 60.6609
106.444 60.662
107.576 60.6617
108.709 60.6604
109.841 60.6581
110.974 60.655
112.106 60.6513
113.238 60.6472
114.371 60.6428
115.503 60.6384
116.636 60.634
117.768 60.6299
118.9 60.6262
120.033 60.6231
121.165 60.6208
122.297 60.6194
123.43 60.6191
124.562 60.6197
125.695 60.6213
126.827 60.6239
127.959 60.6275
129.092 60.6319
130.224 60.6372
131.356 60.6434
132.489 60.6505
133.621 60.6583
134.754 60.667
135.886 60.6764
137.018 60.6866
138.151 60.6975
139.283 60.7091
140.416 60.7213
141.548 60.7342
142.68 60.7478
143.813 60.762
144.945 60.7767
146.077 60.792
147.21 60.8078
148.342 60.8242
149.475 60.841
150.607 60.8583
151.739 60.8761
152.872 60.8942
154.004 60.9128
155.137 60.9317
156.269 60.951
157.401 60.9706
158.534 60.9906
159.666 61.0108
160.798 61.0313
161.931 61.0521
163.063 61.0732
164.196 61.0944
165.328 61.1159
166.46 61.1376
167.593 61.1594
168.725 61.1814
169.858 61.2035
170.99 61.2257
172.122 61.248
173.255 61.2703
174.387 61.2928
175.519 61.3152
176.652 61.3377
177.784 61.3601
178.917 61.3826
180.049 61.405
181.181 61.4273
182.314 61.4496
183.446 61.4717
184.579 61.4938
185.711 61.5157
186.843 61.5376
187.976 61.5593
189.108 61.581
190.24 61.6025
191.373 61.6239
192.505 61.6453
193.638 61.6665
194.77 61.6876
195.902 61.7087
197.035 61.7296
198.167 61.7504
199.299 61.7712
200.432 61.7918
201.564 61.8124
202.697 61.8329
203.829 61.8532
204.961 61.8735
206.094 61.8937
207.226 61.9138
208.359 61.9339
209.491 61.9538
210.623 61.9736
211.756 61.9934
212.888 62.0131
214.02 62.0327
215.153 62.0522
216.285 62.0715
217.418 62.0907
218.55 62.1098
219.682 62.1286
220.815 62.1472
221.947 62.1656
223.08 62.1836
224.212 62.2014
225.344 62.2188
226.477 62.2359
227.609 62.2526
228.741 62.2689
229.874 62.2847
231.006 62.3001
232.139 62.315
233.271 62.3294
234.403 62.3433
235.536 62.3566
236.668 62.3693
237.801 62.3814
238.933 62.3928
240.065 62.4036
241.198 62.4137
242.33 62.4231
243.462 62.4318
244.595 62.4397
245.727 62.4468
246.86 62.4531
247.992 62.4586
249.124 62.4632
250.257 62.4669
251.389 62.4697
252.522 62.4716
253.654 62.4725
254.786 62.4725
255.919 62.4714
257.051 62.4694
258.183 62.4663
259.316 62.4621
260.448 62.4568
261.581 62.4504
262.713 62.4429
263.845 62.4342
264.978 62.4244
266.11 62.4133
267.243 62.401
268.375 62.3874
269.507 62.3726
270.64 62.3565
271.772 62.339
272.904 62.3202
274.037 62.3
275.169 62.2785
276.302 62.2557
277.434 62.2318
278.566 62.2069
279.699 62.1812
280.831 62.1549
281.963 62.1281
283.096 62.101
284.228 62.0736
285.361 62.0462
286.493 62.0189
287.625 61.9919
288.758 61.9652
289.89 61.9391
291.023 61.9137
292.155 61.8892
293.287 61.8657
294.42 61.8433
295.552 61.8223
296.684 61.8027
297.817 61.7847
298.949 61.7685
300.082 61.7542
301.214 61.742
302.346 61.7319
303.479 61.7243
304.611 61.7191
305.744 61.7165
306.876 61.7165
308.008 61.7187
309.141 61.723
310.273 61.7292
311.405 61.7372
312.538 61.7468
313.67 61.7578
314.803 61.77
315.935 61.7833
317.067 61.7974
318.2 61.8122
319.332 61.8275
320.465 61.8431
321.597 61.8589
322.729 61.8747
323.862 61.8902
324.994 61.9054
326.126 61.92
327.259 61.9338
328.391 61.9468
329.524 61.9586
330.656 61.9692
331.788 61.9783
332.921 61.9857
334.053 61.9914
335.186 61.9951
336.318 61.9967
337.45 61.9962
338.583 61.9939
339.715 61.9899
340.847 61.9842
341.98 61.977
343.112 61.9683
344.245 61.9584
345.377 61.9474
346.509 61.9353
347.642 61.9223
348.774 61.9085
349.907 61.894
351.039 61.879
352.171 61.8635
353.304 61.8477
354.436 61.8317
355.568 61.8157
356.701 61.7997
357.833 61.7838
358.966 61.7683
360.098 61.7531
361.23 61.7385
362.363 61.7245
363.495 61.7113
364.627 61.699
365.76 61.6877
366.892 61.6775
368.025 61.6683
369.157 61.66
370.289 61.6525
371.422 61.6458
372.554 61.6397
373.687 61.6343
374.819 61.6293
375.951 61.6249
377.084 61.6207
378.216 61.6169
379.348 61.6132
380.481 61.6097
381.613 61.6062
382.746 61.6026
383.878 61.5989
385.01 61.595
386.143 61.5909
387.275 61.5864
388.408 61.5814
389.54 61.5759
390.672 61.5698
391.805 61.563
392.937 61.5554
394.069 61.547
395.202 61.5377
396.334 61.5274
397.467 61.516
398.599 61.5037
399.731 61.4906
400.864 61.4766
401.996 61.4619
403.129 61.4465
404.261 61.4306
405.393 61.4142
406.526 61.3974
407.658 61.3802
408.79 61.3628
409.923 61.3452
411.055 61.3274
412.188 61.3097
413.32 61.2919
414.452 61.2743
415.585 61.2569
416.717 61.2397
417.85 61.2229
418.982 61.2066
420.114 61.1907
421.247 61.1754
422.379 61.1607
423.511 61.1468
424.644 61.1336
425.776 61.1214
426.909 61.1101
428.041 61.0998
429.173 61.0904
430.306 61.0819
431.438 61.0744
432.571 61.0677
433.703 61.0618
434.835 61.0567
435.968 61.0524
437.1 61.0488
438.232 61.0459
439.365 61.0437
440.497 61.0421
441.63 61.0411
442.762 61.0407
443.894 61.0409
445.027 61.0415
446.159 61.0427
447.291 61.0443
448.424 61.0463
449.556 61.0487
450.689 61.0515
451.821 61.0546
452.953 61.058
454.086 61.0616
455.218 61.0655
456.351 61.0696
457.483 61.0739
458.615 61.0783
459.748 61.0828
460.88 61.0875
462.012 61.0922
463.145 61.0969
464.277 61.1016
465.41 61.1064
466.542 61.1111
467.674 61.1157
468.807 61.1203
469.939 61.1248
471.072 61.1291
472.204 61.1332
473.336 61.1372
474.469 61.141
475.601 61.1445
476.733 61.1478
477.866 61.1507
478.998 61.1534
480.131 61.1557
481.263 61.1577
482.395 61.1592
483.528 61.1604
484.66 61.1611
485.793 61.1613
486.925 61.1611
488.057 61.1603
489.19 61.159
490.322 61.1573
491.454 61.1551
492.587 61.1525
493.719 61.1495
494.852 61.1462
495.984 61.1425
497.116 61.1385
498.249 61.1343
499.381 61.1298
500.514 61.1252
501.646 61.1203
502.778 61.1153
503.911 61.1103
505.043 61.1051
506.175 61.0998
507.308 61.0946
508.44 61.0893
509.573 61.0841
510.705 61.079
511.837 61.0739
512.97 61.069
514.102 61.0643
515.235 61.0597
516.367 61.0553
517.499 61.0512
518.632 61.0474
519.764 61.0438
520.896 61.0405
522.029 61.0373
523.161 61.0344
524.294 61.0316
525.426 61.0289
526.558 61.0263
527.691 61.0237
528.823 61.0212
529.955 61.0187
531.088 61.0162
532.22 61.0136
533.353 61.0109
534.485 61.0082
535.617 61.0053
536.75 61.0022
537.882 60.9989
539.015 60.9954
540.147 60.9917
541.279 60.9877
542.412 60.9833
543.544 60.9787
544.676 60.9736
545.809 60.9682
546.941 60.9623
548.074 60.956
549.206 60.9492
550.338 60.942
551.471 60.9343
552.603 60.9262
553.736 60.9176
554.868 60.9087
556 60.8994
557.133 60.8897
558.265 60.8797
559.397 60.8694
560.53 60.8587
561.662 60.8478
562.795 60.8366
563.927 60.8251
565.059 60.8134
566.192 60.8015
567.324 60.7894
568.457 60.7772
569.589 60.7647
570.721 60.7521
571.854 60.7394
572.986 60.7266
574.118 60.7137
575.251 60.7007
576.383 60.6877
577.516 60.6746
578.648 60.6615