0 30.5076
508.68 34.7224
1017.36 43.5605
1526.04 43.4861
2034.72 39.4047
2543.4 39.0122
3052.08 40.0995
3560.76 43.95
4069.44 34.736
4578.12 33.2341
5086.8 36.7005
5595.47 40.9814
6104.15 49.4188
6612.83 52.3544
7121.51 50.0372
7630.19 50.5939
8138.87 59.6729
8647.55 73.6949
9156.23 67.1258
9664.91 73.5304
10173.6 68.2729
10682.3 72.2559
11190.9 72.9788
11699.6 61.3034
12208.3 54.7167
12717 57.4632
13225.7 60.9843
13734.3 61.0651
14243 66.2845
14751.7 64.8854
15260.4 67.6744
15769.1 70.7687
16277.7 72.4271
16786.4 75.3086
17295.1 68.9868
17803.8 79.9036
18312.5 79.7271
18821.1 92.0982
19329.8 100.322
19838.5 92.8978
20347.2 86.8598
20855.9 94.9241
21364.5 85.1383
21873.2 90.537
22381.9 69.6176
22890.6 82.686
23399.3 75.8219
23907.9 87.3126
24416.6 86.8006
24925.3 97.0097