0 60.2901
1.13238 -7.15609e+09
2.26477 -9.11647e+09
3.39715 -8.5318e+09
4.52953 -6.92001e+09
5.66192 -5.09575e+09
6.7943 -3.45148e+09
7.92668 -2.13758e+09
9.05907 -1.17479e+09
10.1915 -5.22007e+08
11.3238 -1.15394e+08
12.4562 1.10668e+08
13.5886 2.13587e+08
14.721 2.38959e+08
15.8534 2.20411e+08
16.9858 1.81109e+08
18.1181 1.35868e+08
19.2505 9.32825e+07
20.3829 5.76037e+07
21.5153 3.02544e+07
22.6477 1.09686e+07
23.7801 -1.39797e+06
24.9124 -8.32915e+06
26.0448 -1.13163e+07
27.1772 -1.16767e+07
28.3096 -1.04742e+07
29.442 -8.50433e+06
30.5744 -6.31729e+06
31.7067 -4.2589e+06
32.8391 -2.51719e+06
33.9715 -1.16685e+06
35.1039 -207666
36.2363 404765
37.3687 736200
38.501 857890
39.6334 836564
40.7658 728921
41.8982 579397
43.0306 420114
44.163 272154
45.2953 147509
46.4277 51230.2
47.5601 -16511.9
48.6925 -58639.7
49.8249 -79728.8
50.9573 -84931.2
52.0896 -79235.3
53.222 -67010.6
54.3544 -51780.4
55.4868 -36159.7
56.6192 -21906.9
57.7516 -10042.2
58.8839 -998.075
60.0163 5224.07
61.1487 8908.66
62.2811 10502.1
63.4135 10514.8
64.5459 9449.72
65.6782 7755.62
66.8106 5800.5
67.943 3861.73
69.0754 2128.04
70.2078 709.237
71.3402 -349.632
72.4725 -1052.43
73.6049 -1436.5
74.7373 -1558.78
75.8697 -1484.5
77.0021 -1278.43
78.1345 -998.934
79.2668 -694.329
80.3992 -401.318
81.5316 -144.934
82.664 60.4152
83.7964 209.24
84.9288 302.933
86.0611 347.69
87.1935 352.591
88.3259 327.959
89.4583 284.063
90.5907 230.192
91.7231 174.074
92.8554 121.587
93.9878 76.7212
95.1202 41.7185
96.2526 17.3288
97.385 3.13294
98.5174 -2.11597
99.6497 -0.167547
100.782 7.01171
101.915 17.4696
103.047 29.4395
104.179 41.4516
105.312 52.3906
106.444 61.5081
107.576 68.3995
108.709 72.9571
109.841 75.3082
110.974 75.7485
112.106 74.6763
113.238 72.5332
114.371 69.7557
115.503 66.7382
116.636 63.8076
117.768 61.2107
118.9 59.1103
120.033 57.5895
121.165 56.6624
122.297 56.2881
123.43 56.3854
124.562 56.8492
125.695 57.5644
126.827 58.4177
127.959 59.3072
129.092 60.1486
130.224 60.8789
131.356 61.4573
132.489 61.8644
133.621 62.0991
134.754 62.1755
135.886 62.1186
137.018 61.9597
138.151 61.7331
139.283 61.4719
140.416 61.2062
141.548 60.9605
142.68 60.7531
143.813 60.5955
144.945 60.4927
146.077 60.444
147.21 60.4444
148.342 60.4853
149.475 60.5563
150.607 60.646
151.739 60.7437
152.872 60.8397
154.004 60.9262
155.137 60.9976
156.269 61.0507
157.401 61.0845
158.534 61.0997
159.666 61.099
160.798 61.0859
161.931 61.0648
163.063 61.0401
164.196 61.016
165.328 60.9964
166.46 60.9841
167.593 60.9813
168.725 60.989
169.858 61.0075
170.99 61.0361
172.122 61.0736
173.255 61.118
174.387 61.1675
175.519 61.2197
176.652 61.2726
177.784 61.3244
178.917 61.3733
180.049 61.4183
181.181 61.4587
182.314 61.4939
183.446 61.5242
184.579 61.5498
185.711 61.5714
186.843 61.5898
187.976 61.6057
189.108 61.6201
190.24 61.6337
191.373 61.6473
192.505 61.6615
193.638 61.6767
194.77 61.693
195.902 61.7107
197.035 61.7296
198.167 61.7496
199.299 61.7706
200.432 61.7922
201.564 61.8142
202.697 61.8364
203.829 61.8586
204.961 61.8805
206.094 61.9021
207.226 61.9233
208.359 61.9442
209.491 61.9646
210.623 61.9846
211.756 62.0044
212.888 62.0238
214.02 62.0429
215.153 62.0616
216.285 62.08
217.418 62.0979
218.55 62.1153
219.682 62.1321
220.815 62.1481
221.947 62.1633
223.08 62.1775
224.212 62.1909
225.344 62.2033
226.477 62.2149
227.609 62.2259
228.741 62.2363
229.874 62.2464
231.006 62.2565
232.139 62.2668
233.271 62.2777
234.403 62.2893
235.536 62.3019
236.668 62.3157
237.801 62.3307
238.933 62.3469
240.065 62.3643
241.198 62.3826
242.33 62.4018
243.462 62.4213
244.595 62.4409
245.727 62.4601
246.86 62.4784
247.992 62.4954
249.124 62.5107
250.257 62.5237
251.389 62.5343
252.522 62.5421
253.654 62.5469
254.786 62.5487
255.919 62.5475
257.051 62.5432
258.183 62.5362
259.316 62.5266
260.448 62.5147
261.581 62.5008
262.713 62.4852
263.845 62.4683
264.978 62.4503
266.11 62.4314
267.243 62.4118
268.375 62.3916
269.507 62.3709
270.64 62.3495
271.772 62.3275
272.904 62.3047
274.037 62.2808
275.169 62.2558
276.302 62.2294
277.434 62.2016
278.566 62.1721
279.699 62.141
280.831 62.1083
281.963 62.0742
283.096 62.0388
284.228 62.0025
285.361 61.9656
286.493 61.9287
287.625 61.8923
288.758 61.8569
289.89 61.8232
291.023 61.7917
292.155 61.763
293.287 61.7375
294.42 61.7158
295.552 61.6981
296.684 61.6847
297.817 61.6755
298.949 61.6707
300.082 61.6701
301.214 61.6735
302.346 61.6804
303.479 61.6905
304.611 61.7033
305.744 61.7183
306.876 61.7349
308.008 61.7526
309.141 61.771
310.273 61.7895
311.405 61.8078
312.538 61.8256
313.67 61.8426
314.803 61.8587
315.935 61.8738
317.067 61.8878
318.2 61.9008
319.332 61.9129
320.465 61.9241
321.597 61.9346
322.729 61.9444
323.862 61.9536
324.994 61.9623
326.126 61.9705
327.259 61.9781
328.391 61.9851
329.524 61.9914
330.656 61.9968
331.788 62.0012
332.921 62.0044
334.053 62.0063
335.186 62.0067
336.318 62.0056
337.45 62.0027
338.583 61.9982
339.715 61.992
340.847 61.9843
341.98 61.975
343.112 61.9644
344.245 61.9527
345.377 61.94
346.509 61.9265
347.642 61.9125
348.774 61.898
349.907 61.8834
351.039 61.8685
352.171 61.8537
353.304 61.8388
354.436 61.824
355.568 61.8093
356.701 61.7947
357.833 61.7802
358.966 61.7658
360.098 61.7518
361.23 61.7382
362.363 61.7253
363.495 61.7132
364.627 61.7023
365.76 61.693
366.892 61.6854
368.025 61.6801
369.157 61.6773
370.289 61.6771
371.422 61.6798
372.554 61.6852
373.687 61.6933
374.819 61.7037
375.951 61.7158
377.084 61.729
378.216 61.7425
379.348 61.7553
380.481 61.7663
381.613 61.7747
382.746 61.7793
383.878 61.7793
385.01 61.7741
386.143 61.7631
387.275 61.7463
388.408 61.7238
389.54 61.6961
390.672 61.664
391.805 61.6285
392.937 61.5908
394.069 61.5525
395.202 61.5147
396.334 61.4789
397.467 61.4461
398.599 61.417
399.731 61.392
400.864 61.3709
401.996 61.3531
403.129 61.3374
404.261 61.3223
405.393 61.3061
406.526 61.2867
407.658 61.2623
408.79 61.2313
409.923 61.1926
411.055 61.1461
412.188 61.0923
413.32 61.033
414.452 60.9708
415.585 60.9096
416.717 60.8542
417.85 60.8096
418.982 60.7813
420.114 60.7744
421.247 60.7931
422.379 60.8403
423.511 60.9168
424.644 61.0209
425.776 61.1484
426.909 61.292
428.041 61.4417
429.173 61.5853
430.306 61.7089
431.438 61.7982
432.571 61.8395
433.703 61.8215
434.835 61.7366
435.968 61.5825
437.1 61.3636
438.232 61.0918
439.365 60.787
440.497 60.4768
441.63 60.195
442.762 59.9797
443.894 59.8705
445.027 59.9041
446.159 60.11
447.291 60.506
448.424 61.0928
449.556 61.8503
450.689 62.7344
451.821 63.6757
452.953 64.5808
454.086 65.336
455.218 65.8148
456.351 65.8879
457.483 65.4373
458.615 64.3716
459.748 62.6443
460.88 60.2702
462.012 57.342
463.145 54.0412
464.277 50.6431
465.41 47.5133
466.542 45.0921
467.674 43.8672
468.807 44.3317
469.939 46.9299
471.072 51.9913
472.204 59.6573
473.336 69.8068
474.469 81.9877
475.601 95.365
476.733 108.696
477.866 120.344
478.998 128.344
480.131 130.528
481.263 124.713
482.395 108.961
483.528 81.8957
484.66 43.063
485.793 -6.69285
486.925 -64.8731
488.057 -127.042
489.19 -186.676
490.322 -235.215
491.454 -262.378
492.587 -256.818
493.719 -207.147
494.852 -103.372
495.984 61.2929
497.116 288.311
498.249 571.533
499.381 894.972
500.514 1230.93
501.646 1538.87
502.778 1765.51
503.911 1846.6
505.043 1710.89
506.175 1286.81
507.308 511.964
508.44 -654.285
509.573 -2215.7
510.705 -4122.21
511.837 -6252.63
512.97 -8399.23
514.102 -10257.2
515.235 -11422.7
516.367 -11404
517.499 -9650.52
518.632 -5604.56
519.764 1220.54
520.896 11133.2
522.029 24128
523.161 39727.8
524.294 56812.5
525.426 73456.3
526.558 86799.2
527.691 92992.9
528.823 87270
529.955 64194.3
531.088 18159.4
532.22 -55803.7
533.353 -160852
534.485 -296765
535.617 -458000
536.75 -631456
537.882 -794149
539.015 -911103
540.147 -933988
541.279 -801191
542.412 -440279
543.544 225996
544.676 1.2688e+06
545.809 2.73601e+06
546.941 4.6274e+06
548.074 6.8614e+06
549.206 9.23354e+06
550.338 1.13684e+07
551.471 1.26691e+07
552.603 1.22739e+07
553.736 9.03092e+06
554.868 1.51535e+06
556 -1.18845e+07
557.133 -3.277e+07
558.265 -6.23728e+07
559.397 -1.00972e+08
560.53 -1.47021e+08
561.662 -1.95912e+08
562.795 -2.3835e+08
563.927 -2.58325e+08
565.059 -2.30824e+08
566.192 -1.19561e+08
567.324 1.24629e+08
568.457 5.63607e+08
569.589 1.26802e+09
570.721 2.30652e+09
571.854 3.72313e+09
572.986 5.49516e+09
574.118 7.46019e+09
575.251 9.19507e+09
576.383 9.8223e+09
577.516 7.70789e+09
578.648 60.6615