0 60.2901
1.13238 59.9291
2.26477 59.5973
3.39715 59.2932
4.52953 59.0155
5.66192 58.7628
6.7943 58.5337
7.92668 58.3271
9.05907 58.1417
10.1915 57.9763
11.3238 57.8298
12.4562 57.7012
13.5886 57.5893
14.721 57.4933
15.8534 57.412
16.9858 57.3447
18.1181 57.2905
19.2505 57.2484
20.3829 57.2177
21.5153 57.1977
22.6477 57.1875
23.7801 57.1865
24.9124 57.194
26.0448 57.2093
27.1772 57.2319
28.3096 57.2611
29.442 57.2963
30.5744 57.3372
31.7067 57.3831
32.8391 57.4335
33.9715 57.4881
35.1039 57.5463
36.2363 57.6078
37.3687 57.6721
38.501 57.739
39.6334 57.808
40.7658 57.8788
41.8982 57.9511
43.0306 58.0247
44.163 58.0993
45.2953 58.1745
46.4277 58.2502
47.5601 58.3261
48.6925 58.402
49.8249 58.4778
50.9573 58.5532
52.0896 58.6281
53.222 58.7023
54.3544 58.7757
55.4868 58.8482
56.6192 58.9196
57.7516 58.9898
58.8839 59.0588
60.0163 59.1264
61.1487 59.1926
62.2811 59.2573
63.4135 59.3204
64.5459 59.3819
65.6782 59.4417
66.8106 59.4999
67.943 59.5563
69.0754 59.611
70.2078 59.6638
71.3402 59.715
72.4725 59.7643
73.6049 59.8118
74.7373 59.8576
75.8697 59.9016
77.0021 59.9438
78.1345 59.9843
79.2668 60.023
80.3992 60.0601
81.5316 60.0955
82.664 60.1292
83.7964 60.1614
84.9288 60.192
86.0611 60.221
87.1935 60.2486
88.3259 60.2747
89.4583 60.2994
90.5907 60.3228
91.7231 60.3448
92.8554 60.3656
93.9878 60.3852
95.1202 60.4037
96.2526 60.421
97.385 60.4373
98.5174 60.4525
99.6497 60.4668
100.782 60.4803
101.915 60.4928
103.047 60.5046
104.179 60.5156
105.312 60.526
106.444 60.5357
107.576 60.5448
108.709 60.5534
109.841 60.5615
110.974 60.5692
112.106 60.5765
113.238 60.5834
114.371 60.5901
115.503 60.5965
116.636 60.6027
117.768 60.6087
118.9 60.6146
120.033 60.6204
121.165 60.6262
122.297 60.632
123.43 60.6379
124.562 60.6438
125.695 60.6498
126.827 60.6559
127.959 60.6623
129.092 60.6688
130.224 60.6756
131.356 60.6826
132.489 60.6899
133.621 60.6975
134.754 60.7054
135.886 60.7137
137.018 60.7224
138.151 60.7314
139.283 60.7409
140.416 60.7508
141.548 60.7611
142.68 60.7719
143.813 60.7831
144.945 60.7948
146.077 60.807
147.21 60.8196
148.342 60.8328
149.475 60.8464
150.607 60.8606
151.739 60.8752
152.872 60.8904
154.004 60.906
155.137 60.9222
156.269 60.9388
157.401 60.956
158.534 60.9736
159.666 60.9917
160.798 61.0103
161.931 61.0294
163.063 61.0489
164.196 61.0688
165.328 61.0892
166.46 61.11
167.593 61.1312
168.725 61.1528
169.858 61.1748
170.99 61.1972
172.122 61.2199
173.255 61.243
174.387 61.2663
175.519 61.29
176.652 61.314
177.784 61.3382
178.917 61.3626
180.049 61.3873
181.181 61.4122
182.314 61.4373
183.446 61.4625
184.579 61.4879
185.711 61.5134
186.843 61.539
187.976 61.5647
189.108 61.5905
190.24 61.6163
191.373 61.6421
192.505 61.6679
193.638 61.6936
194.77 61.7193
195.902 61.745
197.035 61.7705
198.167 61.7959
199.299 61.8212
200.432 61.8464
201.564 61.8713
202.697 61.8961
203.829 61.9206
204.961 61.9449
206.094 61.9689
207.226 61.9927
208.359 62.0161
209.491 62.0392
210.623 62.062
211.756 62.0844
212.888 62.1065
214.02 62.1281
215.153 62.1494
216.285 62.1702
217.418 62.1906
218.55 62.2105
219.682 62.23
220.815 62.2489
221.947 62.2674
223.08 62.2854
224.212 62.3028
225.344 62.3197
226.477 62.336
227.609 62.3518
228.741 62.3671
229.874 62.3817
231.006 62.3958
232.139 62.4092
233.271 62.4221
234.403 62.4343
235.536 62.446
236.668 62.457
237.801 62.4674
238.933 62.4771
240.065 62.4863
241.198 62.4948
242.33 62.5027
243.462 62.5099
244.595 62.5165
245.727 62.5224
246.86 62.5277
247.992 62.5324
249.124 62.5365
250.257 62.5399
251.389 62.5427
252.522 62.5448
253.654 62.5464
254.786 62.5473
255.919 62.5476
257.051 62.5474
258.183 62.5465
259.316 62.545
260.448 62.543
261.581 62.5404
262.713 62.5372
263.845 62.5335
264.978 62.5293
266.11 62.5245
267.243 62.5192
268.375 62.5134
269.507 62.5071
270.64 62.5003
271.772 62.4931
272.904 62.4854
274.037 62.4772
275.169 62.4687
276.302 62.4597
277.434 62.4503
278.566 62.4405
279.699 62.4304
280.831 62.4199
281.963 62.4091
283.096 62.398
284.228 62.3866
285.361 62.3748
286.493 62.3628
287.625 62.3506
288.758 62.3381
289.89 62.3254
291.023 62.3125
292.155 62.2995
293.287 62.2862
294.42 62.2728
295.552 62.2593
296.684 62.2456
297.817 62.2319
298.949 62.2181
300.082 62.2042
301.214 62.1903
302.346 62.1763
303.479 62.1623
304.611 62.1483
305.744 62.1344
306.876 62.1204
308.008 62.1066
309.141 62.0928
310.273 62.079
311.405 62.0654
312.538 62.0519
313.67 62.0385
314.803 62.0252
315.935 62.0121
317.067 61.9992
318.2 61.9864
319.332 61.9739
320.465 61.9615
321.597 61.9494
322.729 61.9374
323.862 61.9257
324.994 61.9143
326.126 61.9031
327.259 61.8922
328.391 61.8815
329.524 61.8712
330.656 61.8611
331.788 61.8513
332.921 61.8418
334.053 61.8326
335.186 61.8238
336.318 61.8152
337.45 61.807
338.583 61.7991
339.715 61.7915
340.847 61.7843
341.98 61.7774
343.112 61.7708
344.245 61.7646
345.377 61.7586
346.509 61.7531
347.642 61.7478
348.774 61.7429
349.907 61.7383
351.039 61.734
352.171 61.73
353.304 61.7264
354.436 61.723
355.568 61.72
356.701 61.7172
357.833 61.7147
358.966 61.7125
360.098 61.7106
361.23 61.709
362.363 61.7076
363.495 61.7064
364.627 61.7055
365.76 61.7048
366.892 61.7043
368.025 61.704
369.157 61.7038
370.289 61.7039
371.422 61.7041
372.554 61.7045
373.687 61.705
374.819 61.7056
375.951 61.7063
377.084 61.7071
378.216 61.7079
379.348 61.7089
380.481 61.7098
381.613 61.7108
382.746 61.7118
383.878 61.7127
385.01 61.7137
386.143 61.7146
387.275 61.7154
388.408 61.7162
389.54 61.7169
390.672 61.7174
391.805 61.7178
392.937 61.7181
394.069 61.7182
395.202 61.7181
396.334 61.7178
397.467 61.7173
398.599 61.7166
399.731 61.7156
400.864 61.7143
401.996 61.7128
403.129 61.7109
404.261 61.7088
405.393 61.7063
406.526 61.7034
407.658 61.7003
408.79 61.6967
409.923 61.6928
411.055 61.6884
412.188 61.6837
413.32 61.6785
414.452 61.6729
415.585 61.6669
416.717 61.6604
417.85 61.6535
418.982 61.6461
420.114 61.6382
421.247 61.6298
422.379 61.621
423.511 61.6117
424.644 61.6019
425.776 61.5916
426.909 61.5808
428.041 61.5696
429.173 61.5578
430.306 61.5456
431.438 61.5329
432.571 61.5197
433.703 61.506
434.835 61.4919
435.968 61.4774
437.1 61.4623
438.232 61.4469
439.365 61.431
440.497 61.4148
441.63 61.3981
442.762 61.3811
443.894 61.3637
445.027 61.346
446.159 61.328
447.291 61.3097
448.424 61.2911
449.556 61.2722
450.689 61.2532
451.821 61.234
452.953 61.2146
454.086 61.1951
455.218 61.1755
456.351 61.1558
457.483 61.1361
458.615 61.1165
459.748 61.0968
460.88 61.0773
462.012 61.0579
463.145 61.0387
464.277 61.0196
465.41 61.0009
466.542 60.9824
467.674 60.9643
468.807 60.9466
469.939 60.9293
471.072 60.9125
472.204 60.8963
473.336 60.8807
474.469 60.8657
475.601 60.8514
476.733 60.8379
477.866 60.8251
478.998 60.8133
480.131 60.8023
481.263 60.7923
482.395 60.7834
483.528 60.7755
484.66 60.7688
485.793 60.7632
486.925 60.7589
488.057 60.7559
489.19 60.7542
490.322 60.7539
491.454 60.7551
492.587 60.7577
493.719 60.762
494.852 60.7678
495.984 60.7752
497.116 60.7844
498.249 60.7952
499.381 60.8079
500.514 60.8223
501.646 60.8386
502.778 60.8567
503.911 60.8768
505.043 60.8987
506.175 60.9226
507.308 60.9485
508.44 60.9763
509.573 61.0061
510.705 61.0379
511.837 61.0717
512.97 61.1074
514.102 61.1452
515.235 61.1848
516.367 61.2264
517.499 61.2699
518.632 61.3152
519.764 61.3623
520.896 61.4112
522.029 61.4618
523.161 61.5139
524.294 61.5677
525.426 61.6228
526.558 61.6793
527.691 61.7371
528.823 61.7959
529.955 61.8558
531.088 61.9164
532.22 61.9778
533.353 62.0396
534.485 62.1018
535.617 62.1641
536.75 62.2263
537.882 62.2882
539.015 62.3496
540.147 62.4101
541.279 62.4695
542.412 62.5276
543.544 62.5839
544.676 62.6382
545.809 62.6901
546.941 62.7392
548.074 62.7852
549.206 62.8276
550.338 62.866
551.471 62.8999
552.603 62.9288
553.736 62.9522
554.868 62.9696
556 62.9805
557.133 62.9841
558.265 62.98
559.397 62.9674
560.53 62.9456
561.662 62.914
562.795 62.8718
563.927 62.8181
565.059 62.7523
566.192 62.6735
567.324 62.5807
568.457 62.473
569.589 62.3495
570.721 62.2091
571.854 62.0509
572.986 61.8736
574.118 61.6763
575.251 61.4577
576.383 61.2165
577.516 60.9516
578.648 60.6615