0 30.5076
48.7775 30.7321
97.555 30.9565
146.332 31.1807
195.11 31.4044
243.887 31.6276
292.665 31.8502
341.442 32.072
390.22 32.2929
438.997 32.5128
487.775 32.7314
536.552 32.9488
585.33 33.1648
634.107 33.3791
682.885 33.5918
731.662 33.8027
780.44 34.0116
829.217 34.2184
877.995 34.423
926.772 34.6253
975.55 34.8251
1024.33 35.0222
1073.1 35.2167
1121.88 35.4083
1170.66 35.5968
1219.44 35.7823
1268.21 35.9645
1316.99 36.1433
1365.77 36.3186
1414.55 36.4902
1463.32 36.6581
1512.1 36.8221
1560.88 36.982
1609.66 37.1378
1658.43 37.2892
1707.21 37.4362
1755.99 37.5787
1804.77 37.7165
1853.54 37.8494
1902.32 37.9774
1951.1 38.1004
1999.88 38.2181
2048.65 38.3305
2097.43 38.4374
2146.21 38.5387
2194.99 38.6342
2243.76 38.7239
2292.54 38.8077
2341.32 38.8852
2390.1 38.9566
2438.87 39.0215
2487.65 39.08
2536.43 39.1318
2585.21 39.1768
2633.98 39.2149
2682.76 39.246
2731.54 39.2699
2780.32 39.2866
2829.09 39.2959
2877.87 39.2984
2926.65 39.2944
2975.43 39.2843
3024.2 39.2686
3072.98 39.2476
3121.76 39.2218
3170.54 39.1915
3219.31 39.1573
3268.09 39.1195
3316.87 39.0785
3365.65 39.0347
3414.42 38.9885
3463.2 38.9404
3511.98 38.8908
3560.76 38.84
3609.53 38.7886
3658.31 38.7368
3707.09 38.6852
3755.87 38.634
3804.64 38.5838
3853.42 38.535
3902.2 38.4879
3950.98 38.443
3999.75 38.4007
4048.53 38.3614
4097.31 38.3255
4146.09 38.2934
4194.86 38.2655
4243.64 38.2423
4292.42 38.2242
4341.2 38.2115
4389.97 38.2047
4438.75 38.2042
4487.53 38.2104
4536.31 38.2238
4585.08 38.2446
4633.86 38.2735
4682.64 38.3106
4731.42 38.3565
4780.19 38.4117
4828.97 38.4764
4877.75 38.5511
4926.53 38.6362
4975.3 38.7321
5024.08 38.8393
5072.86 38.9582
5121.64 39.0891
5170.41 39.2325
5219.19 39.3888
5267.97 39.5583
5316.75 39.7416
5365.52 39.9391
5414.3 40.151
5463.08 40.3779
5511.86 40.6202
5560.63 40.8782
5609.41 41.152
5658.19 41.4411
5706.97 41.7451
5755.74 42.0634
5804.52 42.3955
5853.3 42.7411
5902.08 43.0996
5950.85 43.4706
5999.63 43.8535
6048.41 44.2479
6097.19 44.6533
6145.96 45.0693
6194.74 45.4953
6243.52 45.9308
6292.3 46.3755
6341.07 46.8288
6389.85 47.2903
6438.63 47.7594
6487.41 48.2357
6536.18 48.7187
6584.96 49.208
6633.74 49.703
6682.52 50.2033
6731.29 50.7084
6780.07 51.2178
6828.85 51.731
6877.63 52.2476
6926.4 52.7671
6975.18 53.289
7023.96 53.8129
7072.74 54.3381
7121.51 54.8644
7170.29 55.3912
7219.07 55.918
7267.85 56.4443
7316.62 56.9697
7365.4 57.4937
7414.18 58.0158
7462.96 58.5355
7511.73 59.0523
7560.51 59.5659
7609.29 60.0756
7658.07 60.5811
7706.84 61.0818
7755.62 61.5773
7804.4 62.067
7853.18 62.5506
7901.95 63.0275
7950.73 63.4972
7999.51 63.9593
8048.29 64.4133
8097.06 64.8588
8145.84 65.2951
8194.62 65.722
8243.4 66.1388
8292.17 66.5451
8340.95 66.9405
8389.73 67.3247
8438.51 67.698
8487.28 68.0603
8536.06 68.4116
8584.84 68.7521
8633.62 69.0818
8682.39 69.4007
8731.17 69.7089
8779.95 70.0066
8828.73 70.2936
8877.5 70.5701
8926.28 70.8361
8975.06 71.0918
9023.84 71.3371
9072.61 71.5721
9121.39 71.7968
9170.17 72.0114
9218.95 72.2159
9267.72 72.4103
9316.5 72.5947
9365.28 72.7692
9414.06 72.9337
9462.83 73.0885
9511.61 73.2334
9560.39 73.3687
9609.17 73.4943
9657.94 73.6102
9706.72 73.7167
9755.5 73.8136
9804.28 73.9011
9853.05 73.9792
9901.83 74.0481
9950.61 74.1076
9999.39 74.158
10048.2 74.1992
10096.9 74.2313
10145.7 74.2544
10194.5 74.2685
10243.3 74.2737
10292.1 74.2701
10340.8 74.2576
10389.6 74.2364
10438.4 74.2065
10487.2 74.168
10535.9 74.1209
10584.7 74.0653
10633.5 74.0012
10682.3 73.9288
10731 73.848
10779.8 73.7589
10828.6 73.6615
10877.4 73.556
10926.2 73.4424
10974.9 73.3208
11023.7 73.1911
11072.5 73.0535
11121.3 72.908
11170 72.755
11218.8 72.5946
11267.6 72.4273
11316.4 72.2534
11365.2 72.0731
11413.9 71.8868
11462.7 71.6948
11511.5 71.4974
11560.3 71.295
11609 71.0878
11657.8 70.8763
11706.6 70.6606
11755.4 70.4411
11804.2 70.2181
11852.9 69.992
11901.7 69.763
11950.5 69.5315
11999.3 69.2978
12048 69.0622
12096.8 68.8251
12145.6 68.5867
12194.4 68.3473
12243.1 68.1073
12291.9 67.8671
12340.7 67.6268
12389.5 67.3869
12438.3 67.1476
12487 66.9093
12535.8 66.6722
12584.6 66.4368
12633.4 66.2033
12682.1 65.972
12730.9 65.7432
12779.7 65.5174
12828.5 65.2947
12877.3 65.0755
12926 64.8601
12974.8 64.6489
13023.6 64.4421
13072.4 64.2401
13121.1 64.0432
13169.9 63.8517
13218.7 63.6659
13267.5 63.4861
13316.3 63.3127
13365 63.146
13413.8 62.9862
13462.6 62.8338
13511.4 62.689
13560.1 62.5521
13608.9 62.4235
13657.7 62.3035
13706.5 62.1923
13755.3 62.0904
13804 61.998
13852.8 61.9154
13901.6 61.8429
13950.4 61.7806
13999.1 61.7284
14047.9 61.6864
14096.7 61.6546
14145.5 61.6329
14194.2 61.6215
14243 61.6203
14291.8 61.6293
14340.6 61.6485
14389.4 61.678
14438.1 61.7178
14486.9 61.7679
14535.7 61.8283
14584.5 61.899
14633.2 61.98
14682 62.0713
14730.8 62.173
14779.6 62.285
14828.4 62.4075
14877.1 62.5403
14925.9 62.6835
14974.7 62.8372
15023.5 63.0012
15072.2 63.1758
15121 63.3607
15169.8 63.5562
15218.6 63.7621
15267.4 63.9785
15316.1 64.2054
15364.9 64.4429
15413.7 64.6909
15462.5 64.9494
15511.2 65.2185
15560 65.4982
15608.8 65.7884
15657.6 66.0893
15706.4 66.4007
15755.1 66.7228
15803.9 67.0556
15852.7 67.399
15901.5 67.753
15950.2 68.1177
15999 68.4932
16047.8 68.8793
16096.6 69.2762
16145.3 69.6837
16194.1 70.1021
16242.9 70.5312
16291.7 70.971
16340.5 71.4217
16389.2 71.8831
16438 72.3554
16486.8 72.8384
16535.6 73.3324
16584.3 73.8371
16633.1 74.3528
16681.9 74.879
16730.7 75.4151
16779.5 75.9603
16828.2 76.514
16877 77.0753
16925.8 77.6436
16974.6 78.2181
17023.3 78.798
17072.1 79.3826
17120.9 79.9712
17169.7 80.5631
17218.5 81.1574
17267.2 81.7535
17316 82.3507
17364.8 82.9481
17413.6 83.545
17462.3 84.1408
17511.1 84.7346
17559.9 85.3258
17608.7 85.9136
17657.5 86.4972
17706.2 87.0759
17755 87.649
17803.8 88.2157
17852.6 88.7753
17901.3 89.3271
17950.1 89.8703
17998.9 90.4041
18047.7 90.928
18096.4 91.441
18145.2 91.9425
18194 92.4317
18242.8 92.9078
18291.6 93.3703
18340.3 93.8182
18389.1 94.2509
18437.9 94.6677
18486.7 95.0677
18535.4 95.4503
18584.2 95.8147
18633 96.1602
18681.8 96.486
18730.6 96.7914
18779.3 97.0757
18828.1 97.3381
18876.9 97.5779
18925.7 97.7943
18974.4 97.9866
19023.2 98.1541
19072 98.296
19120.8 98.4116
19169.6 98.5001
19218.3 98.5609
19267.1 98.5931
19315.9 98.5961
19364.7 98.569
19413.4 98.5113
19462.2 98.4231
19511 98.3054
19559.8 98.1593
19608.6 97.9857
19657.3 97.7858
19706.1 97.5605
19754.9 97.3109
19803.7 97.0381
19852.4 96.7429
19901.2 96.4265
19950 96.0899
19998.8 95.7342
20047.5 95.3602
20096.3 94.9692
20145.1 94.5621
20193.9 94.1399
20242.7 93.7037
20291.4 93.2545
20340.2 92.7934
20389 92.3213
20437.8 91.8393
20486.5 91.3484
20535.3 90.8497
20584.1 90.3441
20632.9 89.8328
20681.7 89.3167
20730.4 88.7969
20779.2 88.2744
20828 87.7502
20876.8 87.2254
20925.5 86.7009
20974.3 86.1779
21023.1 85.6573
21071.9 85.1402
21120.7 84.6277
21169.4 84.1206
21218.2 83.6201
21267 83.1273
21315.8 82.643
21364.5 82.1684
21413.3 81.7045
21462.1 81.2523
21510.9 80.8129
21559.7 80.3872
21608.4 79.9764
21657.2 79.5813
21706 79.2032
21754.8 78.8429
21803.5 78.5016
21852.3 78.1802
21901.1 77.8798
21949.9 77.6014
21998.6 77.3461
22047.4 77.1148
22096.2 76.9086
22145 76.7286
22193.8 76.5756
22242.5 76.4496
22291.3 76.3502
22340.1 76.2768
22388.9 76.229
22437.6 76.2062
22486.4 76.2081
22535.2 76.2341
22584 76.2837
22632.8 76.3565
22681.5 76.452
22730.3 76.5696
22779.1 76.709
22827.9 76.8696
22876.6 77.0509
22925.4 77.2525
22974.2 77.4739
23023 77.7145
23071.8 77.974
23120.5 78.2518
23169.3 78.5475
23218.1 78.8605
23266.9 79.1904
23315.6 79.5368
23364.4 79.899
23413.2 80.2767
23462 80.6693
23510.8 81.0764
23559.5 81.4975
23608.3 81.9321
23657.1 82.3798
23705.9 82.8399
23754.6 83.3122
23803.4 83.796
23852.2 84.2909
23901 84.7964
23949.7 85.3121
23998.5 85.8374
24047.3 86.3718
24096.1 86.915
24144.9 87.4664
24193.6 88.0254
24242.4 88.5917
24291.2 89.1648
24340 89.7441
24388.7 90.3293
24437.5 90.9197
24486.3 91.5149
24535.1 92.1145
24583.9 92.718
24632.6 93.3248
24681.4 93.9346
24730.2 94.5467
24779 95.1608
24827.7 95.7763
24876.5 96.3928
24925.3 97.0097