0 68.3907
225.667 65.8964
451.335 63.4051
677.002 60.9195
902.67 58.4424
1128.34 55.9769
1354 53.5257
1579.67 51.0917
1805.34 48.6778
2031.01 46.2868
2256.67 43.9216
2482.34 41.5851
2708.01 39.2802
2933.68 37.0097
3159.34 34.7764
3385.01 32.5834
3610.68 30.4333
3836.35 28.3291
4062.01 26.2737
4287.68 24.2699
4513.35 22.3206
4739.02 20.4287
4964.68 18.597
5190.35 16.8284
5416.02 15.1258
5641.69 13.492
5867.35 11.9299
6093.02 10.4424
6318.69 9.03329
6544.36 7.70941
6770.02 6.47804
6995.69 5.34648
7221.36 4.32203
7447.03 3.412
7672.69 2.62369
7898.36 1.9644
8124.03 1.44143
8349.7 1.06209
8575.36 0.83367
8801.03 0.76348
9026.7 0.858819
9252.37 1.12699
9478.03 1.5753
9703.7 2.21104
9929.37 3.04152
10155 4.07404
10380.7 5.3159
10606.4 6.77441
10832 8.45686
11057.7 10.3706
11283.4 12.5228
11509 14.9209
11734.7 17.5722
11960.4 20.4839
12186 23.6633
12411.7 27.1095
12637.4 30.8037
12863 34.7248
13088.7 38.8518
13314.4 43.1635
13540 47.639
13765.7 52.257
13991.4 56.9966
14217.1 61.8367
14442.7 66.7561
14668.4 71.7338
14894.1 76.7488
15119.7 81.7799
15345.4 86.806
15571.1 91.8062
15796.7 96.7592
16022.4 101.644
16248.1 106.44
16473.7 111.125
16699.4 115.679
16925.1 120.08
17150.7 124.308
17376.4 128.341
17602.1 132.159
17827.7 135.74
18053.4 139.062
18279.1 142.106
18504.7 144.863
18730.4 147.343
18956.1 149.559
19181.7 151.524
19407.4 153.251
19633.1 154.753
19858.7 156.042
20084.4 157.131
20310.1 158.033
20535.7 158.76
20761.4 159.327
20987.1 159.744
21212.7 160.026
21438.4 160.184
21664.1 160.232
21889.7 160.182
22115.4 160.048
22341.1 159.841
22566.7 159.576
22792.4 159.263
23018.1 158.918
23243.7 158.551
23469.4 158.176
23695.1 157.806
23920.8 157.453
24146.4 157.13
24372.1 156.851
24597.8 156.62
24823.4 156.438
25049.1 156.302
25274.8 156.21
25500.4 156.161
25726.1 156.153
25951.8 156.184
26177.4 156.254
26403.1 156.358
26628.8 156.498
26854.4 156.669
27080.1 156.871
27305.8 157.103
27531.4 157.361
27757.1 157.645
27982.8 157.953
28208.4 158.283
28434.1 158.633
28659.8 159.002
28885.4 159.388
29111.1 159.789
29336.8 160.204
29562.4 160.63
29788.1 161.066
30013.8 161.51
30239.4 161.962
30465.1 162.417
30690.8 162.878
30916.4 163.345
31142.1 163.819
31367.8 164.303
31593.4 164.796
31819.1 165.301
32044.8 165.82
32270.4 166.352
32496.1 166.901
32721.8 167.466
32947.5 168.051
33173.1 168.655
33398.8 169.28
33624.5 169.928
33850.1 170.601
34075.8 171.298
34301.5 172.023
34527.1 172.776
34752.8 173.558
34978.5 174.372
35204.1 175.218
35429.8 176.098
35655.5 177.012
35881.1 177.964
36106.8 178.953
36332.5 179.982
36558.1 181.05
36783.8 182.151
37009.5 183.269
37235.1 184.389
37460.8 185.497
37686.5 186.578
37912.1 187.617
38137.8 188.6
38363.5 189.513
38589.1 190.339
38814.8 191.065
39040.5 191.676
39266.1 192.158
39491.8 192.494
39717.5 192.672
39943.1 192.675
40168.8 192.49
40394.5 192.102
40620.1 191.496
40845.8 190.657
41071.5 189.57
41297.1 188.222
41522.8 186.596
41748.5 184.679
41974.1 182.456
42199.8 179.912
42425.5 177.033
42651.2 173.806
42876.8 170.246
43102.5 166.381
43328.2 162.241
43553.8 157.853
43779.5 153.247
44005.2 148.451
44230.8 143.493
44456.5 138.403
44682.2 133.209
44907.8 127.939
45133.5 122.622
45359.2 117.287
45584.8 111.963
45810.5 106.677
46036.2 101.46
46261.8 96.338
46487.5 91.3414
46713.2 86.4982
46938.8 81.8372
47164.5 77.387
47390.2 73.1761
47615.8 69.2333
47841.5 65.5871
48067.2 62.2662
48292.8 59.2992
48518.5 56.7147
48744.2 54.5362
48969.8 52.754
49195.5 51.3452
49421.2 50.2868
49646.8 49.556
49872.5 49.1298
50098.2 48.9851
50323.8 49.0992
50549.5 49.4491
50775.2 50.0117
51000.8 50.7642
51226.5 51.6837
51452.2 52.7471
51677.9 53.9316
51903.5 55.2142
52129.2 56.5719
52354.9 57.9819
52580.5 59.4211
52806.2 60.8667
53031.9 62.2957
53257.5 63.6852
53483.2 65.0121
53708.9 66.2537
53934.5 67.3869
54160.2 68.3887
54385.9 69.2364
54611.5 69.9068
54837.2 70.3821
55062.9 70.6676
55288.5 70.7755
55514.2 70.718
55739.9 70.5072
55965.5 70.1554
56191.2 69.6748
56416.9 69.0775
56642.5 68.3758
56868.2 67.5818
57093.9 66.7076
57319.5 65.7656
57545.2 64.7679
57770.9 63.7266
57996.5 62.654
58222.2 61.5622
58447.9 60.4635
58673.5 59.37
58899.2 58.2939
59124.9 57.2475
59350.5 56.2428
59576.2 55.2921
59801.9 54.4076
60027.5 53.6015
60253.2 52.8859
60478.9 52.273
60704.5 51.7751
60930.2 51.3997
61155.9 51.1389
61381.6 50.9814
61607.2 50.916
61832.9 50.9314
62058.6 51.0162
62284.2 51.1593
62509.9 51.3493
62735.6 51.5749
62961.2 51.8249
63186.9 52.088
63412.6 52.3529
63638.2 52.6084
63863.9 52.8431
64089.6 53.0458
64315.2 53.2052
64540.9 53.31
64766.6 53.3489
64992.2 53.3108
65217.9 53.1842
65443.6 52.9579
65669.2 52.6206
65894.9 52.1611
66120.6 51.5681
66346.2 50.8303
66571.9 49.9364
66797.6 48.8751
67023.2 47.642
67248.9 46.2496
67474.6 44.7129
67700.2 43.0471
67925.9 41.2673
68151.6 39.3886
68377.2 37.4263
68602.9 35.3952
68828.6 33.3107
69054.2 31.1878
69279.9 29.0416
69505.6 26.8873
69731.2 24.74
69956.9 22.6148
70182.6 20.5268
70408.3 18.4912
70633.9 16.523
70859.6 14.6374
71085.3 12.8495
71310.9 11.1745
71536.6 9.62741
71762.3 8.22339
71987.9 6.97757
72213.6 5.90507
72439.3 5.02101
72664.9 4.34051
72890.6 3.87859
73116.3 3.64048
73341.9 3.61302
73567.6 3.78101
73793.3 4.12928
74018.9 4.64263
74244.6 5.30589
74470.3 6.10387
74695.9 7.02138
74921.6 8.04324
75147.3 9.15426
75372.9 10.3393
75598.6 11.5831
75824.3 12.8705
76049.9 14.1863
76275.6 15.5154
76501.3 16.8425
76726.9 18.1525
76952.6 19.4302
77178.3 20.6604
77403.9 21.8279
77629.6 22.9176
77855.3 23.9141
78080.9 24.8025
78306.6 25.5674
78532.3 26.1938
78757.9 26.6663
78983.6 26.9701
79209.3 27.1002
79434.9 27.066
79660.6 26.878
79886.3 26.5466
80112 26.0821
80337.6 25.4951
80563.3 24.796
80789 23.9952
81014.6 23.1031
81240.3 22.1302
81466 21.0869
81691.6 19.9837
81917.3 18.8309
82143 17.6391
82368.6 16.4185
82594.3 15.1798
82820 13.9332
83045.6 12.6893
83271.3 11.4585
83497 10.2512
83722.6 9.07777
83948.3 7.94875
84174 6.87453
84399.6 5.86554
84625.3 4.93223
84851 4.08502
85076.6 3.33407
85302.3 2.68227
85528 2.12474
85753.6 1.6562
85979.3 1.27139
86205 0.965048
86430.6 0.731901
86656.3 0.566683
86882 0.464128
87107.6 0.418968
87333.3 0.425936
87559 0.479764
87784.6 0.575187
88010.3 0.706936
88236 0.869744
88461.6 1.05835
88687.3 1.26747
88913 1.49186
89138.6 1.72623
89364.3 1.96533
89590 2.20389
89815.7 2.43663
90041.3 2.6583
90267 2.86363
90492.7 3.04734
90718.3 3.20417
90944 3.32886
91169.7 3.41642
91395.3 3.46658
91621 3.48287
91846.7 3.46893
92072.3 3.42843
92298 3.36501
92523.7 3.28232
92749.3 3.18401
92975 3.07373
93200.7 2.95513
93426.3 2.83185
93652 2.70755
93877.7 2.58588
94103.3 2.47049
94329 2.36502
94554.7 2.27312
94780.3 2.19846
95006 2.14466
95231.7 2.11539
95457.3 2.1143
95683 2.14503
95908.7 2.21123
96134.3 2.31655
96360 2.46465
96585.7 2.65917
96811.3 2.90376
97037 3.20206
97262.7 3.5573
97488.3 3.96788
97714 4.42923
97939.7 4.93678
98165.3 5.48591
98391 6.07204
98616.7 6.69057
98842.4 7.33691
99068 8.00645
99293.7 8.6946
99519.4 9.39677
99745 10.1084
99970.7 10.8248
100196 11.5414
100422 12.2537
100648 12.957
100873 13.6468
101099 14.3184
101325 14.9673
101550 15.5888
101776 16.1784
102002 16.7314
102227 17.2433
102453 17.7095
102679 18.1254
102904 18.4863
103130 18.7878
103356 19.0257
103581 19.2009
103807 19.3165
104033 19.3754
104258 19.3805
104484 19.335
104710 19.2418
104935 19.104
105161 18.9244
105387 18.7062
105612 18.4524
105838 18.1659
106064 17.8498
106289 17.507
106515 17.1406
106741 16.7535
106966 16.3489
107192 15.9296
107418 15.4987
107643 15.0592
107869 14.6141
108095 14.1664
108320 13.7191
108546 13.2753
108772 12.8378
108997 12.4098
109223 11.9942
109449 11.5936
109674 11.2083
109900 10.8376
110126 10.4809
110351 10.1377
110577 9.80745
110803 9.48947
111028 9.18319
111254 8.88805
111480 8.60345
111705 8.3288
111931 8.06353
112157 7.80705
112382 7.55877
112608 7.3181
112834 7.08446
113059 6.85726
113285 6.63592
113511 6.41986
113736 6.20848
113962 6.0012
114188 5.79743
114413 5.59659
114639 5.3981
114865 5.20136
115090 5.0058
115316 4.81082