0.575194
0.204353
0.204376
0.292204
0.427456
0.628228
0.925417
1.3649
2.01437
2.97383
4.39101
6.48412
9.57541
14.1408
20.8832
30.8405
45.5458
67.2629
99.3353
146.701
216.651
319.955
472.516
697.823
1030.56
1521.95
2247.66
3319.39
4902.15
7239.61
10691.6
15789.6
23318.5
34437.3
50857.8
75107.9
110921
163811
241920
357272
527628
779213
1.15076e+06
1.69947e+06
2.50981e+06
3.70655e+06
5.47392e+06
8.084e+06
1.19386e+07
1.76313e+07
2.60382e+07
3.84539e+07
5.67896e+07
8.38681e+07
1.23858e+08
1.82917e+08
2.70136e+08
3.98943e+08
5.89168e+08
8.70096e+08
1.28498e+09
1.89768e+09
2.80254e+09
4.13886e+09
6.11236e+09
9.02688e+09
1.33311e+10
1.96877e+10
2.90752e+10
4.29389e+10
6.34132e+10
9.36501e+10
1.38305e+11
2.04251e+11
3.01643e+11
4.45473e+11
6.57885e+11
9.7158e+11
1.43485e+12
2.11902e+12
3.12942e+12
4.6216e+12
6.82528e+12
1.00797e+13
1.4886e+13
2.19839e+13
3.24664e+13
4.79471e+13
7.08094e+13
1.04573e+14
1.54436e+14
2.28074e+14
3.36825e+14
4.97431e+14
7.34617e+14
1.0849e+15
1.6022e+15
2.36617e+15
3.49442e+15
5.16064e+15
7.62134e+15
1.12554e+16
1.66222e+16
2.4548e+16
3.62531e+16
5.35394e+16
7.90682e+16
1.1677e+17
1.72448e+17
2.54675e+17
3.76111e+17
5.55449e+17
8.20299e+17
1.21144e+18
1.78908e+18
2.64215e+18
3.90199e+18
5.76254e+18
8.51026e+18
1.25681e+19
1.85609e+19
2.74112e+19
4.04815e+19
5.9784e+19
8.82903e+19
1.30389e+20
1.92562e+20
2.84379e+20
4.19978e+20
6.20233e+20
9.15975e+20
1.35273e+21
1.99775e+21
2.95032e+21
4.3571e+21
6.43466e+21
9.50285e+21
1.4034e+22
2.07258e+22
3.06083e+22
4.5203e+22
6.67569e+22
9.8588e+22
1.45597e+23
2.15021e+23
3.17548e+23
4.68962e+23
6.92574e+23
1.02281e+24
1.51051e+24
2.23075e+24
3.29443e+24
4.86528e+24
7.18516e+24
1.06112e+25
1.56709e+25
2.31431e+25
3.41783e+25
5.04753e+25
7.4543e+25
1.10087e+26
1.62579e+26
2.401e+26
3.54585e+26
5.23659e+26
7.73352e+26
1.1421e+27
1.68669e+27
2.49094e+27
3.67867e+27
5.43275e+27
8.0232e+27
1.18488e+28
1.74986e+28
2.58424e+28
3.81647e+28
5.63624e+28
8.32373e+28
1.22927e+29
1.81541e+29
2.68104e+29
3.95942e+29
5.84736e+29
8.63552e+29
1.27531e+30
1.88341e+30
2.78147e+30
4.10773e+30
6.06639e+30
8.95899e+30
1.32308e+31
1.95396e+31
2.88565e+31
4.2616e+31
6.29363e+31
9.29457e+31
1.37264e+32
2.02715e+32
2.99374e+32
4.42123e+32
6.52937e+32
9.64272e+32
1.42406e+33
2.10308e+33
3.10588e+33
4.58684e+33
6.77394e+33
1.00039e+34
1.4774e+34
2.18186e+34
3.22222e+34
4.75865e+34
7.02768e+34
1.03786e+35
1.53274e+35
2.26359e+35
3.34292e+35
4.9369e+35
7.29092e+35
1.07674e+36
1.59015e+36
2.34838e+36
3.46813e+36
5.12182e+36
7.56402e+36
1.11707e+37
1.64972e+37
2.43634e+37
3.59804e+37
5.31367e+37
7.84735e+37
1.15891e+38
1.71151e+38
2.5276e+38
3.73282e+38
5.51271e+38
8.1413e+38
1.20233e+39
1.77562e+39
2.62228e+39
3.87264e+39
5.7192e+39
8.44625e+39
1.24736e+40
1.84213e+40
2.7205e+40
4.0177e+40
5.93343e+40
8.76263e+40
1.29408e+41
1.91113e+41
2.82241e+41
4.16819e+41
6.15568e+41
9.09085e+41
1.34256e+42
1.98272e+42
2.92813e+42
4.32432e+42
6.38626e+42
9.43138e+42
1.39285e+43
2.05699e+43
3.03781e+43
4.4863e+43
6.62548e+43
9.78465e+43
1.44502e+44
2.13404e+44
3.1516e+44
4.65435e+44
6.87365e+44
1.01512e+45
1.49915e+45
2.21397e+45
3.26965e+45
4.82869e+45
7.13112e+45
1.05314e+46
1.5553e+46
2.2969e+46
3.39212e+46
5.00956e+46
7.39824e+46
1.09259e+47
1.61356e+47
2.38294e+47
3.51918e+47
5.19721e+47
7.67536e+47
1.13351e+48
1.674e+48
2.4722e+48
3.651e+48
5.39188e+48
7.96286e+48
1.17597e+49
1.7367e+49
2.5648e+49
3.78776e+49
5.59385e+49
8.26113e+49
1.22002e+50
1.80176e+50
2.66088e+50
3.92964e+50
5.80338e+50
8.57057e+50
1.26572e+51
1.86925e+51
2.76055e+51
4.07684e+51
6.02077e+51
8.8916e+51
1.31313e+52
1.93926e+52
2.86395e+52
4.22955e+52
6.24629e+52
9.22466e+52
1.36232e+53
2.0119e+53
2.97123e+53
4.38797e+53
6.48026e+53
9.5702e+53
1.41335e+54
2.08727e+54
3.08252e+54
4.55234e+54
6.723e+54
9.92867e+54
1.46629e+55
2.16545e+55
3.19799e+55
4.72286e+55
6.97482e+55
1.03006e+56
1.52121e+56
2.24656e+56
3.31777e+56
4.89976e+56
7.23608e+56
1.06864e+57
1.57819e+57
2.33071e+57
3.44205e+57
5.0833e+57
7.50713e+57
1.10867e+58
1.63731e+58
2.41802e+58
3.57098e+58
5.27371e+58
7.78833e+58
1.1502e+59
1.69864e+59
2.50859e+59
3.70474e+59
5.47125e+59
8.08006e+59
1.19328e+60
1.76227e+60
2.60256e+60
3.84351e+60
5.67619e+60
8.38272e+60
1.23798e+61
1.82828e+61
2.70004e+61
3.98748e+61
5.8888e+61
8.69672e+61
1.28435e+62
1.89676e+62
2.80118e+62
4.13684e+62
6.10938e+62
9.02248e+62
1.33246e+63
1.96781e+63
2.9061e+63
4.2918e+63
6.33823e+63
9.36044e+63
1.38237e+64
2.04152e+64
3.01496e+64
4.45256e+64
6.57564e+64
9.71106e+64
1.43415e+65
2.11799e+65
3.12789e+65
4.61934e+65
6.82195e+65
1.00748e+66
1.48787e+66
2.19732e+66
3.24506e+66
4.79237e+66
7.07749e+66
1.04522e+67
1.5436e+67
2.27963e+67
3.36661e+67
4.97188e+67
7.34259e+67
1.08437e+68
1.60142e+68
2.36502e+68
3.49271e+68
5.15812e+68
7.61763e+68
1.12499e+69
1.66141e+69
2.45361e+69
3.62354e+69
5.35133e+69
7.90297e+69
1.16713e+70
1.72364e+70
2.54551e+70
3.75927e+70
5.55178e+70
8.19899e+70
1.21085e+71
1.78821e+71
2.64086e+71
3.90009e+71
5.75974e+71
8.50611e+71
1.2562e+72
1.85519e+72
2.73978e+72
4.04617e+72
5.97548e+72
8.82473e+72
1.30326e+73
1.92468e+73
2.84241e+73
4.19773e+73
6.19931e+73
9.15528e+73
1.35207e+74
1.99677e+74
2.94888e+74
4.35497e+74
6.43152e+74
9.49822e+74
1.40272e+75
2.07157e+75
3.05934e+75
4.5181e+75
6.67243e+75
9.854e+75
1.45526e+76
2.14916e+76
3.17393e+76
4.68734e+76
6.92236e+76
1.02231e+77
1.50977e+77
2.22967e+77
3.29282e+77
4.86291e+77
7.18166e+77
1.0606e+78
1.56632e+78
2.31318e+78
3.41616e+78
5.04507e+78
7.45067e+78
1.10033e+79
1.62499e+79
2.39983e+79
3.54412e+79
5.23404e+79
7.72975e+79
1.14155e+80
1.68586e+80
2.48972e+80
3.67688e+80
5.4301e+80
8.01929e+80
1.18431e+81
1.74901e+81
2.58298e+81
3.8146e+81
5.6335e+81
8.31967e+81
1.22867e+82
1.81453e+82
2.67973e+82
3.95749e+82
5.84451e+82
8.63131e+82
1.27469e+83
1.88249e+83
2.78011e+83
4.10573e+83
6.06343e+83
8.95462e+83
1.32244e+84
1.95301e+84
2.88425e+84
4.25952e+84
6.29056e+84
9.29004e+84
1.37197e+85
2.02616e+85
2.99228e+85
4.41907e+85
6.52619e+85
9.63802e+85
1.42336e+86
2.10206e+86
3.10437e+86
4.5846e+86
6.77064e+86
9.99904e+86
1.47668e+87
2.1808e+87
3.22065e+87
4.75633e+87
7.02425e+87
1.03736e+88
1.53199e+88
2.26248e+88
3.34129e+88
4.93449e+88
7.28737e+88
1.07621e+89
1.58938e+89
2.34723e+89
3.46644e+89
5.11932e+89
7.56033e+89
1.11653e+90
1.64891e+90
2.43515e+90
3.59629e+90
5.31108e+90
7.84353e+90
1.15835e+91
1.71068e+91
2.52637e+91
3.731e+91
5.51002e+91
8.13733e+91
1.20174e+92
1.77476e+92
2.621e+92
3.87075e+92
5.71641e+92
8.44213e+92
1.24675e+93
1.84123e+93
2.71918e+93
4.01574e+93
5.93054e+93
8.75835e+93
1.29345e+94
1.9102e+94
2.82103e+94
4.16616e+94
6.15268e+94
9.08642e+94
1.3419e+95
1.98175e+95
2.9267e+95
4.32222e+95
6.38315e+95
9.42678e+95
1.39217e+96
2.05599e+96
3.03633e+96
4.48412e+96
6.62225e+96
9.77988e+96
1.44432e+97
2.133e+97
3.15006e+97
4.65208e+97
6.8703e+97
1.01462e+98
1.49842e+98
2.2129e+98
3.26805e+98
4.82634e+98
7.12764e+98
1.05263e+99
1.55454e+99
2.29578e+99
3.39047e+99
5.00712e+99
7.39463e+99
1.09206e+100
1.61277e+100
2.38178e+100
3.51747e+100
5.19468e+100
7.67161e+100
1.13296e+101
1.67318e+101
2.471e+101
3.64922e+101
5.38926e+101
7.95898e+101
1.1754e+102
1.73586e+102
2.56355e+102
3.78591e+102
5.59112e+102
8.2571e+102
1.21943e+103
1.80088e+103
2.65958e+103
3.92773e+103
5.80055e+103
8.56639e+103
1.2651e+104
1.86833e+104
2.7592e+104
4.07485e+104
6.01783e+104
8.88727e+104
1.31249e+105
1.93832e+105
2.86255e+105
4.22748e+105
6.24324e+105
9.22016e+105
1.36166e+106
2.01092e+106
2.96978e+106
4.38583e+106
6.4771e+106
9.56553e+106
1.41266e+107
2.08625e+107
3.08102e+107
4.55012e+107
6.71972e+107
9.92383e+107
1.46557e+108
2.16439e+108
3.19643e+108
4.72055e+108
6.97142e+108
1.02956e+109
1.52047e+109
2.24547e+109
3.31616e+109
4.89738e+109
7.23256e+109
1.06812e+110
1.57742e+110
2.32958e+110
3.44037e+110
5.08082e+110
7.50347e+110
1.10813e+111
1.63651e+111
2.41684e+111
3.56924e+111
5.27114e+111
7.78453e+111
1.14964e+112
1.69781e+112
2.50737e+112
3.70294e+112
5.46858e+112
8.07612e+112
1.1927e+113
1.76141e+113
2.60129e+113
3.84164e+113
5.67342e+113
8.37864e+113
1.23738e+114
1.82739e+114
2.69872e+114
3.98554e+114
5.88593e+114
8.69248e+114
1.28373e+115
1.89583e+115
2.79981e+115
4.13483e+115
6.10641e+115
9.01808e+115
1.33181e+116
1.96685e+116
2.90469e+116
4.28971e+116
6.33514e+116
9.35588e+116
1.3817e+117
2.04052e+117
3.01349e+117
4.45039e+117
6.57244e+117
9.70633e+117
1.43345e+118
2.11696e+118
3.12637e+118
4.61709e+118
6.81863e+118
1.00699e+119
1.48715e+119
2.19625e+119
3.24347e+119
4.79004e+119
7.07404e+119
1.04471e+120
1.54285e+120
2.27852e+120
3.36497e+120
4.96946e+120
7.33901e+120
1.08384e+121
1.60064e+121
2.36387e+121
3.49101e+121
5.1556e+121
7.61391e+121
1.12444e+122
1.6606e+122
2.45241e+122
3.62178e+122
5.34872e+122
7.89911e+122
1.16656e+123
1.7228e+123
2.54427e+123
3.75744e+123
5.54907e+123
8.195e+123
1.21026e+124
1.78733e+124
2.63957e+124
3.89818e+124
5.75693e+124
8.50196e+124
1.25559e+125
1.85428e+125
2.73845e+125
4.0442e+125
5.97257e+125
8.82043e+125
1.30262e+126
1.92374e+126
2.84102e+126
4.19569e+126
6.19629e+126
9.15082e+126
1.35141e+127
1.9958e+127
2.94744e+127
4.35285e+127
6.42839e+127
9.49359e+127
1.40203e+128
2.07056e+128
3.05785e+128
4.5159e+128
6.66918e+128
9.84919e+128
1.45455e+129
2.14811e+129
3.17238e+129
4.68505e+129
6.91899e+129
1.02181e+130
1.50904e+130
2.22858e+130
3.29121e+130
4.86054e+130
7.17816e+130
1.06009e+131
1.56556e+131
2.31206e+131
3.4145e+131
5.04261e+131
7.44704e+131
1.0998e+132
1.6242e+132
2.39866e+132
3.5424e+132
5.23149e+132
7.72598e+132
1.14099e+133
1.68504e+133
2.48851e+133
3.67508e+133
5.42745e+133
8.01538e+133
1.18373e+134
1.74816e+134
2.58172e+134
3.81274e+134
5.63075e+134
8.31562e+134
1.22807e+135
1.81364e+135
2.67843e+135
3.95556e+135
5.84166e+135
8.6271e+135
1.27407e+136
1.88158e+136
2.77875e+136
4.10373e+136
6.06048e+136
8.95025e+136
1.32179e+137
1.95206e+137
2.88284e+137
4.25744e+137
6.28749e+137
9.28551e+137
1.37131e+138
2.02517e+138
2.99082e+138
4.41692e+138
6.523e+138
9.63332e+138
1.42267e+139
2.10103e+139
3.10285e+139
4.58236e+139
6.76734e+139
9.99416e+139
1.47596e+140
2.17973e+140
3.21908e+140
4.75401e+140
7.02083e+140
1.03685e+141
1.53125e+141
2.26138e+141
3.33966e+141
4.93208e+141
7.28381e+141
1.07569e+142
1.5886e+142
2.34609e+142
3.46475e+142
5.11683e+142
7.55665e+142
1.11598e+143
1.64811e+143
2.43397e+143
3.59454e+143
5.30849e+143
7.8397e+143
1.15779e+144
1.70984e+144
2.52514e+144
3.72918e+144
5.50734e+144
8.13336e+144
1.20115e+145
1.77389e+145
2.61972e+145
3.86886e+145
5.71363e+145
8.43802e+145
1.24615e+146
1.84034e+146
2.71785e+146
4.01378e+146
5.92765e+146
8.75408e+146
1.29282e+147
1.90927e+147
2.81965e+147
4.16413e+147
6.14968e+147
9.08199e+147
1.34125e+148
1.98079e+148
2.92527e+148
4.32011e+148
6.38004e+148
9.42218e+148
1.39149e+149
2.05498e+149
3.03485e+149
4.48193e+149
6.61902e+149
9.77511e+149
1.44361e+150
2.13196e+150
3.14852e+150
4.64981e+150
6.86695e+150
1.01413e+151
1.49769e+151
2.21182e+151
3.26646e+151
4.82398e+151
7.12417e+151
1.05211e+152
1.55379e+152
2.29467e+152
3.38881e+152
5.00468e+152
7.39102e+152
1.09152e+153
1.61199e+153
2.38062e+153
3.51575e+153
5.19214e+153
7.66787e+153
1.13241e+154
inf
inf
inf
inf
inf
inf
inf
inf
inf
inf
inf
inf
inf
inf
inf
inf
inf
inf
inf
inf
inf
inf
inf
inf
inf
inf
inf
inf
inf
inf
inf
inf
inf
inf
inf
inf
inf
inf
inf
inf
inf
inf
inf
inf
inf
inf
inf
inf
inf
inf
inf
inf
inf
inf
inf
inf
inf
inf
inf
inf
inf
inf
inf
inf
inf
inf
inf
inf
inf
inf
inf
inf
inf
inf
inf
inf
inf
inf
inf
inf
inf
inf
inf
inf
inf
inf
inf
inf
inf
inf
inf
inf
inf
inf
inf
inf
inf
inf
inf
inf
inf
inf
inf
inf
inf
inf
inf
inf
inf
inf
inf
inf
inf
inf
inf
inf
inf
inf
inf
inf
inf
inf
inf
inf
inf
inf
inf
inf
inf
inf
inf
inf
inf
inf
inf
inf
inf
inf
inf
inf
inf
inf
inf
inf
inf
inf
inf
inf
inf
inf
inf
inf
inf
inf
inf
inf
inf
inf
inf
inf
inf
inf
inf
inf
inf
inf
inf
inf
inf
inf
inf
inf
inf
inf
inf
inf
inf
inf
inf
inf
inf
inf
inf
inf
inf
inf
inf
inf
inf
inf
inf
inf
inf
inf
inf
inf
inf
inf
inf
inf
inf
inf
inf
inf
inf
inf
inf
inf
inf
inf
inf
inf
inf
inf
inf
inf
inf
inf
inf
inf
inf
inf
inf
inf
inf
inf
inf
inf
inf
inf
inf
inf
inf
inf
inf
inf
inf
inf
inf
inf
inf
inf
inf
inf
inf
inf
inf
inf
inf
inf
inf
inf
inf
inf
inf
inf
inf
inf
inf
inf
inf
inf
inf
inf
inf
inf
inf
inf
inf
inf
inf
inf
inf
inf
inf
inf
inf
inf
inf
inf
inf
inf
inf
inf
inf
inf
inf
inf
inf
inf
inf
inf
inf
inf
inf
inf
inf
inf
inf
inf
inf
inf
inf
inf
inf
inf
inf
inf
inf
inf
inf
inf
inf
inf
inf
inf
inf
inf
inf
inf
inf
inf
inf
inf
inf
inf
inf
inf
inf
inf
inf
inf
inf
inf
inf
inf
inf
inf
inf
inf
inf
inf
inf
inf
inf
inf
inf
inf
inf
inf
inf
inf
inf
inf
inf
inf
inf
inf
inf
inf
inf
inf
inf
inf
inf
inf
inf
inf
inf
inf
inf
inf
inf
inf
inf
inf
inf
inf
inf
inf
inf
inf
inf
inf
inf
inf
inf
inf
inf
inf
inf
inf
inf
inf
inf
inf
inf
inf
inf
inf
inf
inf
inf
inf
inf
inf
inf
inf
inf
inf
inf
inf
inf
inf
inf
inf
inf
inf
inf
inf
inf
inf
inf
inf
inf
inf
inf
inf
inf
inf
inf
inf
inf
inf
inf
inf
inf
inf
inf
inf
inf
inf
inf
inf
inf
inf
inf
inf
inf
inf
inf
inf
inf
inf
inf
inf
inf
inf
inf
inf
inf
inf
inf
inf
inf
inf
inf
inf
inf
inf
inf
inf
inf
inf
inf
inf
inf
inf
inf
inf
inf
inf
inf
inf
inf
inf
inf
inf
inf
inf
inf
inf
inf
inf
inf
inf
inf
inf
inf
inf
inf
inf
inf
inf
inf
inf
inf
inf
inf
inf
inf
inf
inf
inf
inf
inf
inf
inf
inf
inf
inf
inf
inf
inf
inf
inf
inf
inf
inf
inf
inf
inf
inf
inf
inf
inf
inf
inf
inf
inf
inf
inf
inf
inf
inf
inf
inf
inf
inf
inf
inf
inf
inf
inf
inf
inf
inf
inf
inf
inf
inf
inf
inf
inf
inf
inf
inf
inf
inf
inf
inf
inf
inf
inf
inf
inf
inf
inf
inf
inf
inf
inf
inf
inf
inf
inf
inf
inf
inf
inf
inf
inf
inf
inf
inf
inf
inf
inf
inf
inf
inf
inf
inf
inf
inf
inf
inf
inf
inf
inf
inf
inf
inf
inf
inf
inf
inf
inf
inf
inf
inf
inf
inf
inf
inf
inf
inf
inf
inf
inf
inf
inf
inf
inf
inf
inf
inf
inf
inf
inf
inf
inf
inf
inf
inf
inf
inf
inf
inf
inf
inf
inf
inf
inf
inf
inf
inf
inf
inf
inf
inf
inf
inf
inf
inf
inf
inf
inf
inf
inf
inf
inf
inf
inf
inf
inf
inf
inf
inf
inf
inf
inf
inf
inf
inf
inf
inf
inf
inf
inf
inf
inf
inf
inf
inf
inf
inf
inf
inf
inf
inf
inf
inf
inf
inf
inf
inf
inf
inf
inf
inf
inf
inf
inf
inf
inf
inf
inf
inf
inf
inf
inf
inf
inf
inf
inf
inf
inf
inf
inf
inf
inf
inf
inf
inf
inf
inf
inf
inf
inf
inf
inf
inf
inf
inf
inf
inf
inf
inf
inf
inf
inf
inf
inf
inf
inf
inf
inf
inf
inf
inf
inf
inf
inf
inf
inf
inf
inf
inf
inf
inf
inf
inf
inf
inf
inf
inf
inf
inf
inf
inf
inf
inf
inf
inf
inf
inf
inf
inf
inf
inf
inf
inf
inf
inf
inf
inf
inf
inf
inf
inf
inf
inf
inf
inf
inf
inf
inf
inf
inf
inf
inf
inf
inf
inf
inf
inf
inf
inf
inf
inf
inf
inf
inf
inf
inf
inf
inf
inf
inf
inf
inf
inf
inf
inf
inf
inf
inf
inf
inf
inf
inf
inf
inf
inf
inf
inf
inf
inf
inf
inf
inf
inf
inf
inf
inf
inf
inf
inf
inf
inf
inf
inf
inf
inf
inf
inf
inf
inf
inf
inf
inf
inf
inf
inf
inf
inf
inf
inf
inf
inf
inf
inf
inf
inf
inf
inf
inf
inf
inf
inf
inf
inf
inf
inf
inf
inf
inf
inf
inf
inf
inf
inf
inf
inf
inf
inf
inf
-nan(ind)
