2.34563
1.48204
0.972296
0.647912
0.439809
0.312037
0.245514
0.227694
0.244759
0.284355
0.340171
0.410842
0.49766
0.603365
0.73172
0.887455
1.07636
1.30549
1.58339
1.92046
2.32928
2.82513
3.42653
4.15596
5.04066
6.1137
7.41516
8.99368
10.9082
13.2303
16.0467
19.4627
23.6059
28.631
34.7258
42.1181
51.0841
61.9587
75.1482
91.1454
110.548
134.081
162.624
197.243
239.231
290.158
351.925
426.842
517.706
627.913
761.581
923.704
1120.34
1358.83
1648.09
1998.93
2424.46
2940.57
3566.55
4325.78
5246.64
6363.52
7718.16
9361.18
11353.9
13770.9
16702.4
20258
24570.4
29800.9
36144.8
43839.2
53171.5
64490.4
78218.9
94869.8
115065
139560
169269
205302
249006
302014
366306
444283
538861
653571
792701
961448
1.16612e+06
1.41436e+06
1.71544e+06
2.08062e+06
2.52353e+06
3.06073e+06
3.71228e+06
4.50254e+06
5.46103e+06
6.62355e+06
8.03354e+06
9.74369e+06
1.18179e+07
1.43336e+07
1.73849e+07
2.10858e+07
2.55744e+07
3.10186e+07
3.76217e+07
4.56305e+07
5.53442e+07
6.71256e+07
8.14151e+07
9.87464e+07
1.19767e+08
1.45263e+08
1.76186e+08
2.13692e+08
2.59181e+08
3.14355e+08
3.81274e+08
4.62438e+08
5.6088e+08
6.80278e+08
8.25092e+08
1.00073e+09
1.21377e+09
1.47215e+09
1.78554e+09
2.16563e+09
2.62665e+09
3.1858e+09
3.86398e+09
4.68652e+09
5.68417e+09
6.8942e+09
8.36181e+09
1.01418e+10
1.23008e+10
1.49193e+10
1.80953e+10
2.19474e+10
2.66195e+10
3.22861e+10
3.91591e+10
4.74951e+10
5.76057e+10
6.98685e+10
8.47419e+10
1.02781e+11
1.24661e+11
1.51199e+11
1.83385e+11
2.22423e+11
2.69772e+11
3.272e+11
3.96853e+11
4.81334e+11
5.83798e+11
7.08075e+11
8.58807e+11
1.04163e+12
1.26336e+12
1.5323e+12
1.8585e+12
2.25413e+12
2.73398e+12
3.31597e+12
4.02187e+12
4.87803e+12
5.91644e+12
7.17591e+12
8.70349e+12
1.05563e+13
1.28034e+13
1.5529e+13
1.88347e+13
2.28442e+13
2.77072e+13
3.36054e+13
4.07592e+13
4.94358e+13
5.99595e+13
7.27235e+13
8.82046e+13
1.06981e+14
1.29755e+14
1.57377e+14
1.90879e+14
2.31512e+14
2.80795e+14
3.4057e+14
4.13069e+14
5.01002e+14
6.07654e+14
7.37008e+14
8.939e+14
1.08419e+15
1.31499e+15
1.59492e+15
1.93444e+15
2.34623e+15
2.84569e+15
3.45147e+15
4.18621e+15
5.07735e+15
6.1582e+15
7.46913e+15
9.05913e+15
1.09876e+16
1.33266e+16
1.61635e+16
1.96044e+16
2.37777e+16
2.88394e+16
3.49786e+16
4.24247e+16
5.14559e+16
6.24096e+16
7.56951e+16
9.18088e+16
1.11353e+17
1.35057e+17
1.63808e+17
1.98678e+17
2.40972e+17
2.92269e+17
3.54487e+17
4.29948e+17
5.21474e+17
6.32483e+17
7.67124e+17
9.30427e+17
1.12849e+18
1.36872e+18
1.66009e+18
2.01348e+18
2.44211e+18
2.96197e+18
3.59251e+18
4.35726e+18
5.28482e+18
6.40984e+18
7.77434e+18
9.42931e+18
1.14366e+19
1.38712e+19
1.6824e+19
2.04054e+19
2.47493e+19
3.00178e+19
3.64079e+19
4.41582e+19
5.35585e+19
6.49598e+19
7.87882e+19
9.55603e+19
1.15903e+20
1.40576e+20
1.70501e+20
2.06797e+20
2.50819e+20
3.04212e+20
3.68972e+20
4.47517e+20
5.42783e+20
6.58328e+20
7.9847e+20
9.68446e+20
1.1746e+21
1.42465e+21
1.72792e+21
2.09576e+21
2.5419e+21
3.083e+21
3.7393e+21
4.53531e+21
5.50077e+21
6.67176e+21
8.09201e+21
9.81461e+21
1.19039e+22
1.4438e+22
1.75115e+22
2.12392e+22
2.57606e+22
3.12444e+22
3.78956e+22
4.59626e+22
5.5747e+22
6.76142e+22
8.20076e+22
9.94651e+22
1.20639e+23
1.4632e+23
1.77468e+23
2.15247e+23
2.61068e+23
3.16643e+23
3.84049e+23
4.65803e+23
5.64962e+23
6.85229e+23
8.31098e+23
1.00802e+24
1.2226e+24
1.48286e+24
1.79853e+24
2.1814e+24
2.64576e+24
3.20898e+24
3.8921e+24
4.72063e+24
5.72554e+24
6.94438e+24
8.42267e+24
1.02157e+25
1.23903e+25
1.50279e+25
1.8227e+25
2.21071e+25
2.68132e+25
3.25211e+25
3.94441e+25
4.78408e+25
5.80249e+25
7.0377e+25
8.53586e+25
1.03529e+26
1.25568e+26
1.52299e+26
1.8472e+26
2.24042e+26
2.71735e+26
3.29581e+26
3.99742e+26
4.84837e+26
5.88047e+26
7.13229e+26
8.65058e+26
1.04921e+27
1.27256e+27
1.54346e+27
1.87202e+27
2.27053e+27
2.75387e+27
3.34011e+27
4.05114e+27
4.91353e+27
5.9595e+27
7.22814e+27
8.76684e+27
1.06331e+28
1.28966e+28
1.5642e+28
1.89718e+28
2.30105e+28
2.79088e+28
3.385e+28
4.10558e+28
4.97956e+28
6.03959e+28
7.32528e+28
8.88466e+28
1.0776e+29
1.30699e+29
1.58522e+29
1.92268e+29
2.33197e+29
2.82839e+29
3.43049e+29
4.16076e+29
5.04648e+29
6.12076e+29
7.42373e+29
9.00406e+29
1.09208e+30
1.32456e+30
1.60653e+30
1.94852e+30
2.36331e+30
2.8664e+30
3.47659e+30
4.21668e+30
5.11431e+30
6.20302e+30
7.5235e+30
9.12507e+30
1.10676e+31
1.34236e+31
1.62812e+31
1.9747e+31
2.39507e+31
2.90493e+31
3.52331e+31
4.27334e+31
5.18304e+31
6.28638e+31
7.62461e+31
9.2477e+31
1.12163e+32
1.3604e+32
1.65e+32
2.00124e+32
2.42726e+32
2.94397e+32
3.57067e+32
4.33078e+32
5.25269e+32
6.37087e+32
7.72707e+32
9.37198e+32
1.13671e+33
1.37868e+33
1.67217e+33
2.02814e+33
2.45988e+33
2.98353e+33
3.61865e+33
4.38898e+33
5.32329e+33
6.45649e+33
7.83092e+33
9.49794e+33
1.15198e+34
1.39721e+34
1.69464e+34
2.05539e+34
2.49294e+34
3.02363e+34
3.66728e+34
4.44796e+34
5.39483e+34
6.54326e+34
7.93616e+34
9.62558e+34
1.16746e+35
1.41599e+35
1.71742e+35
2.08302e+35
2.52644e+35
3.06426e+35
3.71657e+35
4.50774e+35
5.46733e+35
6.63119e+35
8.04282e+35
9.75494e+35
1.18315e+36
1.43502e+36
1.7405e+36
2.11101e+36
2.5604e+36
3.10544e+36
3.76652e+36
4.56832e+36
5.54081e+36
6.72031e+36
8.15091e+36
9.88604e+36
1.19905e+37
1.4543e+37
1.76389e+37
2.13938e+37
2.59481e+37
3.14718e+37
3.81714e+37
4.62972e+37
5.61527e+37
6.81063e+37
8.26045e+37
1.00189e+38
1.21517e+38
1.47385e+38
1.7876e+38
2.16813e+38
2.62968e+38
3.18947e+38
3.86844e+38
4.69194e+38
5.69074e+38
6.90216e+38
8.37146e+38
1.01536e+39
1.2315e+39
1.49366e+39
1.81162e+39
2.19727e+39
2.66502e+39
3.23234e+39
3.92043e+39
4.75499e+39
5.76722e+39
6.99492e+39
8.48397e+39
1.029e+40
1.24805e+40
1.51373e+40
1.83597e+40
2.2268e+40
2.70083e+40
3.27578e+40
3.97311e+40
4.8189e+40
5.84472e+40
7.08893e+40
8.59799e+40
1.04283e+41
1.26482e+41
1.53407e+41
1.86064e+41
2.25673e+41
2.73713e+41
3.3198e+41
4.02651e+41
4.88366e+41
5.92327e+41
7.1842e+41
8.71354e+41
1.05684e+42
1.28182e+42
1.55469e+42
1.88565e+42
2.28706e+42
2.77392e+42
3.36442e+42
4.08062e+42
4.94929e+42
6.00288e+42
7.28075e+42
8.83064e+42
1.07105e+43
1.29905e+43
1.57558e+43
1.91099e+43
2.31779e+43
2.8112e+43
3.40963e+43
4.13546e+43
5.01581e+43
6.08355e+43
7.37859e+43
8.94932e+43
1.08544e+44
1.31651e+44
1.59676e+44
1.93667e+44
2.34894e+44
2.84898e+44
3.45546e+44
4.19104e+44
5.08321e+44
6.16531e+44
7.47776e+44
9.06959e+44
1.10003e+45
1.3342e+45
1.61822e+45
1.9627e+45
2.38051e+45
2.88727e+45
3.5019e+45
4.24737e+45
5.15153e+45
6.24817e+45
7.57825e+45
9.19148e+45
1.11481e+46
1.35213e+46
1.63997e+46
1.98908e+46
2.4125e+46
2.92607e+46
3.54896e+46
4.30445e+46
5.22076e+46
6.33214e+46
7.6801e+46
9.31501e+46
1.1298e+47
1.3703e+47
1.66201e+47
2.01581e+47
2.44493e+47
2.96539e+47
3.59665e+47
4.3623e+47
5.29092e+47
6.41724e+47
7.78331e+47
9.4402e+47
1.14498e+48
1.38872e+48
1.68434e+48
2.0429e+48
2.47778e+48
3.00524e+48
3.64499e+48
4.42092e+48
5.36203e+48
6.50348e+48
7.88792e+48
9.56706e+48
1.16037e+49
1.40738e+49
1.70698e+49
2.07035e+49
2.51108e+49
3.04563e+49
3.69398e+49
4.48034e+49
5.43409e+49
6.59088e+49
7.99392e+49
9.69564e+49
1.17596e+50
1.4263e+50
1.72992e+50
2.09818e+50
2.54483e+50
3.08656e+50
3.74362e+50
4.54055e+50
5.50712e+50
6.67946e+50
8.10136e+50
9.82594e+50
1.19177e+51
1.44546e+51
1.75317e+51
2.12638e+51
2.57903e+51
3.12805e+51
3.79393e+51
4.60157e+51
5.58113e+51
6.76923e+51
8.21023e+51
9.958e+51
1.20778e+52
1.46489e+52
1.77673e+52
2.15495e+52
2.61369e+52
3.17008e+52
3.84492e+52
4.66341e+52
5.65614e+52
6.8602e+52
8.32057e+52
1.00918e+53
1.22401e+53
1.48458e+53
1.80061e+53
2.18391e+53
2.64882e+53
3.21269e+53
3.89659e+53
4.72608e+53
5.73216e+53
6.95239e+53
8.43239e+53
1.02274e+54
1.24046e+54
1.50453e+54
1.82481e+54
2.21326e+54
2.68442e+54
3.25586e+54
3.94896e+54
4.7896e+54
5.80919e+54
7.04583e+54
8.54572e+54
1.03649e+55
1.25713e+55
1.52475e+55
1.84933e+55
2.24301e+55
2.72049e+55
3.29962e+55
4.00203e+55
4.85397e+55
5.88726e+55
7.14052e+55
8.66057e+55
1.05042e+56
1.27403e+56
1.54524e+56
1.87418e+56
2.27315e+56
2.75705e+56
3.34396e+56
4.05582e+56
4.9192e+56
5.96638e+56
7.23648e+56
8.77696e+56
1.06454e+57
1.29115e+57
1.56601e+57
1.89937e+57
2.3037e+57
2.79411e+57
3.38891e+57
4.11032e+57
4.98531e+57
6.04657e+57
7.33374e+57
8.89491e+57
1.07884e+58
1.3085e+58
1.58705e+58
1.9249e+58
2.33466e+58
2.83166e+58
3.43445e+58
4.16556e+58
5.05231e+58
6.12783e+58
7.4323e+58
9.01446e+58
1.09334e+59
1.32609e+59
1.60838e+59
1.95077e+59
2.36604e+59
2.86971e+59
3.48061e+59
4.22154e+59
5.12021e+59
6.21018e+59
7.53218e+59
9.1356e+59
1.10804e+60
1.34391e+60
1.63e+60
1.97698e+60
2.39784e+60
2.90828e+60
3.52738e+60
4.27828e+60
5.18902e+60
6.29364e+60
7.63341e+60
9.25838e+60
1.12293e+61
1.36197e+61
1.6519e+61
2.00355e+61
2.43006e+61
2.94736e+61
3.57479e+61
4.33578e+61
5.25876e+61
6.37822e+61
7.736e+61
9.38281e+61
1.13802e+62
1.38028e+62
1.6741e+62
2.03048e+62
2.46272e+62
2.98697e+62
3.62283e+62
4.39405e+62
5.32943e+62
6.46394e+62
7.83996e+62
9.5089e+62
1.15331e+63
1.39882e+63
1.6966e+63
2.05777e+63
2.49582e+63
3.02712e+63
3.67152e+63
4.4531e+63
5.40106e+63
6.55081e+63
7.94533e+63
9.6367e+63
1.16881e+64
1.41762e+64
1.7194e+64
2.08542e+64
2.52936e+64
3.0678e+64
3.72086e+64
4.51294e+64
5.47364e+64
6.63885e+64
8.0521e+64
9.76621e+64
1.18452e+65
1.43668e+65
1.74251e+65
2.11345e+65
2.56335e+65
3.10903e+65
3.77087e+65
4.57359e+65
5.5472e+65
6.72807e+65
8.16032e+65
9.89746e+65
1.20044e+66
1.45598e+66
1.76593e+66
2.14185e+66
2.5978e+66
3.15081e+66
3.82154e+66
4.63506e+66
5.62175e+66
6.81849e+66
8.26999e+66
1.00305e+67
1.21657e+67
1.47555e+67
1.78966e+67
2.17064e+67
2.63271e+67
3.19316e+67
3.8729e+67
4.69735e+67
5.69731e+67
6.91013e+67
8.38113e+67
1.01653e+68
1.23292e+68
1.49538e+68
1.81371e+68
2.19981e+68
2.6681e+68
3.23607e+68
3.92495e+68
4.76048e+68
5.77387e+68
7.003e+68
8.49377e+68
1.03019e+69
1.24949e+69
1.51548e+69
1.83809e+69
2.22937e+69
2.70395e+69
3.27956e+69
3.9777e+69
4.82446e+69
5.85147e+69
7.09711e+69
8.60792e+69
1.04403e+70
1.26628e+70
1.53585e+70
1.86279e+70
2.25933e+70
2.74029e+70
3.32364e+70
4.03116e+70
4.8893e+70
5.93011e+70
7.19249e+70
8.7236e+70
1.05806e+71
1.2833e+71
1.55649e+71
1.88782e+71
2.2897e+71
2.77712e+71
3.3683e+71
4.08533e+71
4.955e+71
6.00981e+71
7.28915e+71
8.84084e+71
1.07228e+72
1.30055e+72
1.5774e+72
1.9132e+72
2.32047e+72
2.81444e+72
3.41357e+72
4.14024e+72
5.0216e+72
6.09057e+72
7.38711e+72
8.95965e+72
1.0867e+73
1.31803e+73
1.5986e+73
1.93891e+73
2.35165e+73
2.85227e+73
3.45945e+73
4.19588e+73
5.08908e+73
6.17243e+73
7.48639e+73
9.08006e+73
1.1013e+74
1.33574e+74
1.62009e+74
1.96497e+74
2.38326e+74
2.8906e+74
3.50594e+74
4.25227e+74
5.15748e+74
6.25538e+74
7.587e+74
9.20209e+74
1.1161e+75
1.35369e+75
1.64186e+75
1.99137e+75
2.41529e+75
2.92945e+75
3.55306e+75
4.30942e+75
5.22679e+75
6.33945e+75
7.68897e+75
9.32576e+75
1.1311e+76
1.37188e+76
1.66393e+76
2.01814e+76
2.44775e+76
2.96882e+76
3.60081e+76
4.36733e+76
5.29703e+76
6.42465e+76
7.7923e+76
9.45109e+76
1.1463e+77
1.39032e+77
1.68629e+77
2.04526e+77
2.48064e+77
3.00871e+77
3.6492e+77
4.42603e+77
5.36822e+77
6.51099e+77
7.89702e+77
9.57811e+77
1.16171e+78
1.40901e+78
1.70895e+78
2.07274e+78
2.51398e+78
3.04915e+78
3.69824e+78
4.48551e+78
5.44037e+78
6.59849e+78
8.00315e+78
9.70683e+78
1.17732e+79
1.42794e+79
1.73192e+79
2.1006e+79
2.54777e+79
3.09013e+79
3.74794e+79
4.54579e+79
5.51348e+79
6.68717e+79
8.11071e+79
9.83729e+79
1.19314e+80
1.44713e+80
1.75519e+80
2.12883e+80
2.58201e+80
3.13166e+80
3.79831e+80
4.60688e+80
5.58758e+80
6.77704e+80
8.21971e+80
9.96949e+80
1.20918e+81
1.46658e+81
1.77878e+81
2.15744e+81
2.61671e+81
3.17374e+81
3.84936e+81
4.6688e+81
5.66267e+81
6.86812e+81
8.33018e+81
1.01035e+82
1.22543e+82
1.48629e+82
1.80269e+82
2.18644e+82
2.65188e+82
3.2164e+82
3.90109e+82
4.73154e+82
5.73877e+82
6.96042e+82
8.44213e+82
1.02393e+83
1.2419e+83
1.50627e+83
1.82691e+83
2.21582e+83
2.68751e+83
3.25962e+83
3.95352e+83
4.79513e+83
5.8159e+83
7.05396e+83
8.55559e+83
1.03769e+84
1.25859e+84
1.52651e+84
1.85147e+84
2.2456e+84
2.72363e+84
3.30343e+84
4.00665e+84
4.85957e+84
5.89406e+84
7.14876e+84
8.67057e+84
1.05163e+85
1.2755e+85
1.54702e+85
1.87635e+85
2.27578e+85
2.76024e+85
3.34783e+85
4.0605e+85
4.92488e+85
5.97327e+85
7.24484e+85
8.78709e+85
1.06577e+86
1.29264e+86
1.56781e+86
1.90156e+86
2.30636e+86
2.79733e+86
3.39282e+86
4.11507e+86
4.99107e+86
6.05355e+86
7.3422e+86
8.90518e+86
1.08009e+87
1.31001e+87
1.58888e+87
1.92712e+87
2.33736e+87
2.83493e+87
3.43841e+87
4.17037e+87
5.05814e+87
6.1349e+87
7.44088e+87
9.02486e+87
1.0946e+88
1.32762e+88
1.61024e+88
1.95302e+88
2.36877e+88
2.87303e+88
3.48462e+88
4.22642e+88
5.12612e+88
6.21735e+88
7.54088e+88
9.14615e+88
1.10931e+89
1.34546e+89
1.63188e+89
1.97927e+89
2.40061e+89
2.91164e+89
3.53146e+89
4.28322e+89
5.19501e+89
6.30091e+89
7.64222e+89
9.26907e+89
1.12422e+90
1.36354e+90
1.65381e+90
2.00587e+90
2.43287e+90
2.95077e+90
3.57892e+90
4.34078e+90
5.26483e+90
6.38559e+90
7.74493e+90
9.39364e+90
1.13933e+91
1.38187e+91
1.67604e+91
2.03282e+91
2.46556e+91
2.99042e+91
3.62701e+91
4.39912e+91
5.33559e+91
6.47141e+91
7.84901e+91
9.51988e+91
1.15464e+92
1.40044e+92
1.69856e+92
2.06014e+92
2.4987e+92
3.03061e+92
3.67576e+92
4.45824e+92
5.40729e+92
6.55838e+92
7.9545e+92
9.64782e+92
1.17016e+93
1.41926e+93
1.72139e+93
2.08783e+93
2.53228e+93
3.07134e+93
3.72516e+93
4.51815e+93
5.47996e+93
6.64652e+93
8.0614e+93
9.77748e+93
1.18589e+94
1.43833e+94
1.74452e+94
2.11589e+94
2.56631e+94
3.11262e+94
3.77522e+94
4.57888e+94
5.55361e+94
6.73584e+94
8.16974e+94
9.90888e+94
1.20182e+95
1.45766e+95
1.76797e+95
2.14433e+95
2.6008e+95
3.15445e+95
3.82596e+95
4.64041e+95
5.62825e+95
6.82636e+95
8.27954e+95
1.00421e+96
1.21798e+96
1.47725e+96
1.79173e+96
2.17314e+96
2.63575e+96
3.19684e+96
3.87737e+96
4.70278e+96
5.70388e+96
6.91811e+96
8.39081e+96
1.0177e+97
1.23435e+97
1.49711e+97
1.81581e+97
2.20235e+97
2.67118e+97
3.23981e+97
3.92948e+97
4.76598e+97
5.78054e+97
7.01108e+97
8.50357e+97
1.03138e+98
1.25093e+98
1.51723e+98
1.84021e+98
2.23195e+98
2.70708e+98
3.28335e+98
3.98229e+98
4.83003e+98
5.85823e+98
7.1053e+98
8.61785e+98
1.04524e+99
1.26775e+99
1.53762e+99
1.86494e+99
2.26194e+99
2.74346e+99
3.32747e+99
4.03581e+99
4.89494e+99
5.93696e+99
7.20079e+99
8.73367e+99
1.05929e+100
1.28478e+100
1.55828e+100
1.89e+100
2.29234e+100
2.78033e+100
3.37219e+100
4.09005e+100
4.96073e+100
6.01675e+100
7.29757e+100
8.85105e+100
1.07352e+101
1.30205e+101
1.57923e+101
1.9154e+101
2.32315e+101
2.81769e+101
3.41751e+101
4.14502e+101
5.02739e+101
6.09761e+101
7.39564e+101
8.97e+101
1.08795e+102
1.31955e+102
1.60045e+102
1.94115e+102
2.35437e+102
2.85556e+102
3.46344e+102
4.20072e+102
5.09496e+102
6.17955e+102
7.49503e+102
9.09055e+102
1.10257e+103
1.33728e+103
1.62196e+103
1.96723e+103
2.38601e+103
2.89394e+103
3.50999e+103
4.25718e+103
5.16343e+103
6.2626e+103
7.59576e+103
9.21272e+103
1.11739e+104
1.35525e+104
1.64376e+104
1.99367e+104
2.41808e+104
2.93283e+104
3.55716e+104
4.31439e+104
5.23282e+104
6.34677e+104
7.69784e+104
9.33653e+104
1.13241e+105
1.37347e+105
1.66585e+105
2.02047e+105
2.45057e+105
2.97224e+105
3.60496e+105
4.37237e+105
5.30315e+105
6.43206e+105
7.8013e+105
9.46201e+105
1.14762e+106
1.39193e+106
1.68823e+106
2.04762e+106
2.48351e+106
3.01219e+106
3.65341e+106
4.43114e+106
5.37442e+106
6.51851e+106
7.90614e+106
9.58917e+106
1.16305e+107
1.41063e+107
1.71092e+107
2.07514e+107
2.51688e+107
3.05267e+107
3.70251e+107
4.49069e+107
5.44665e+107
6.60611e+107
8.01239e+107
9.71804e+107
1.17868e+108
1.42959e+108
1.73392e+108
2.10303e+108
2.55071e+108
3.0937e+108
3.75227e+108
4.55104e+108
5.51985e+108
6.69489e+108
8.12007e+108
9.84864e+108
1.19452e+109
1.4488e+109
1.75722e+109
2.13129e+109
2.58499e+109
3.13527e+109
3.8027e+109
4.6122e+109
5.59403e+109
6.78486e+109
8.2292e+109
9.981e+109
1.21057e+110
1.46827e+110
1.78083e+110
2.15993e+110
2.61973e+110
3.17741e+110
3.8538e+110
4.67419e+110
5.66921e+110
6.87605e+110
8.3398e+110
1.01151e+111
1.22684e+111
1.48801e+111
1.80477e+111
2.18896e+111
2.65494e+111
3.22011e+111
3.9056e+111
4.737e+111
5.7454e+111
6.96846e+111
8.45188e+111
1.02511e+112
1.24333e+112
1.508e+112
1.82902e+112
2.21838e+112
2.69062e+112
3.26339e+112
3.95808e+112
4.80067e+112
5.82261e+112
7.06211e+112
8.56546e+112
1.03888e+113
1.26004e+113
1.52827e+113
1.8536e+113
2.24819e+113
2.72678e+113
3.30724e+113
4.01128e+113
4.86518e+113
5.90086e+113
7.15702e+113
8.68058e+113
1.05285e+114
1.27697e+114
1.54881e+114
1.87851e+114
2.27841e+114
2.76342e+114
3.35169e+114
4.06519e+114
4.93057e+114
5.98017e+114
7.2532e+114
8.79724e+114
1.067e+115
1.29413e+115
1.56962e+115
1.90376e+115
2.30903e+115
2.80056e+115
3.39673e+115
4.11982e+115
4.99683e+115
6.06054e+115
7.35068e+115
8.91547e+115
1.08134e+116
1.31153e+116
1.59072e+116
1.92935e+116
2.34006e+116
2.8382e+116
3.44238e+116
4.17519e+116
5.06398e+116
6.14199e+116
7.44947e+116
9.03528e+116
1.09587e+117
1.32915e+117
1.6121e+117
1.95527e+117
2.37151e+117
2.87634e+117
3.48865e+117
4.2313e+117
5.13204e+117
6.22453e+117
7.54958e+117
9.15671e+117
1.1106e+118
1.34702e+118
1.63376e+118
1.98155e+118
2.40338e+118
2.915e+118
3.53553e+118
4.28816e+118
5.20101e+118
6.30818e+118
7.65104e+118
9.27977e+118
1.12552e+119
1.36512e+119
1.65572e+119
2.00818e+119
2.43568e+119
2.95417e+119
3.58305e+119
4.34579e+119
5.27091e+119
6.39296e+119
7.75387e+119
9.40448e+119
1.14065e+120
1.38346e+120
1.67797e+120
2.03517e+120
2.46841e+120
2.99388e+120
3.6312e+120
4.4042e+120
5.34175e+120
6.47888e+120
7.85808e+120
9.53087e+120
1.15598e+121
1.40206e+121
1.70052e+121
2.06252e+121
2.50158e+121
3.03411e+121
3.68e+121
4.46339e+121
5.41354e+121
6.56595e+121
7.96368e+121
9.65896e+121
1.17151e+122
1.4209e+122
1.72338e+122
2.09024e+122
2.5352e+122
3.07489e+122
3.72946e+122
4.52337e+122
5.48629e+122
6.65419e+122
8.07071e+122
9.78877e+122
1.18726e+123
1.44e+123
1.74654e+123
2.11833e+123
2.56927e+123
3.11621e+123
3.77958e+123
4.58416e+123
5.56002e+123
6.74362e+123
8.17917e+123
9.92032e+123
1.20321e+124
1.45935e+124
1.77001e+124
2.1468e+124
2.6038e+124
3.15809e+124
3.83037e+124
4.64577e+124
5.63474e+124
6.83425e+124
8.28909e+124
1.00536e+125
1.21938e+125
1.47896e+125
1.7938e+125
2.17565e+125
2.6388e+125
3.20053e+125
3.88185e+125
4.70821e+125
5.71047e+125
6.92609e+125
8.40049e+125
1.01888e+126
1.23577e+126
1.49884e+126
1.8179e+126
2.20489e+126
2.67426e+126
3.24355e+126
3.93402e+126
4.77148e+126
5.78721e+126
7.01918e+126
8.51339e+126
1.03257e+127
1.25238e+127
1.51898e+127
1.84233e+127
2.23452e+127
2.7102e+127
3.28714e+127
3.98689e+127
4.83561e+127
5.86499e+127
7.11351e+127
8.6278e+127
1.04645e+128
1.26921e+128
1.53939e+128
1.86709e+128
2.26455e+128
2.74662e+128
3.33131e+128
4.04047e+128
4.90059e+128
5.94381e+128
7.20911e+128
8.74376e+128
1.06051e+129
1.28627e+129
1.56008e+129
1.89219e+129
2.29499e+129
2.78354e+129
3.37608e+129
4.09477e+129
4.96645e+129
6.02369e+129
7.30599e+129
8.86127e+129
1.07476e+130
1.30355e+130
1.58105e+130
1.91762e+130
2.32583e+130
2.82094e+130
3.42146e+130
4.1498e+130
5.0332e+130
6.10465e+130
7.40418e+130
8.98035e+130
1.08921e+131
1.32107e+131
1.6023e+131
1.94339e+131
2.35709e+131
2.85886e+131
3.46744e+131
4.20557e+131
5.10084e+131
6.18669e+131
7.50369e+131
9.10104e+131
1.10384e+132
1.33883e+132
1.62383e+132
1.96951e+132
2.38877e+132
2.89728e+132
3.51404e+132
4.26209e+132
5.16939e+132
6.26983e+132
7.60453e+132
9.22335e+132
1.11868e+133
1.35682e+133
1.64565e+133
1.99597e+133
2.42087e+133
2.93621e+133
3.56126e+133
4.31937e+133
5.23887e+133
6.35409e+133
7.70673e+133
9.34731e+133
1.13371e+134
1.37505e+134
1.66777e+134
2.0228e+134
2.4534e+134
2.97568e+134
3.60913e+134
4.37742e+134
5.30927e+134
6.43949e+134
7.8103e+134
9.47293e+134
1.14895e+135
1.39353e+135
1.69018e+135
2.04998e+135
2.48638e+135
3.01567e+135
3.65763e+135
4.43625e+135
5.38062e+135
6.52603e+135
7.91527e+135
9.60024e+135
1.16439e+136
1.41226e+136
1.7129e+136
2.07753e+136
2.51979e+136
3.05619e+136
3.70679e+136
4.49587e+136
5.45294e+136
6.61374e+136
8.02164e+136
9.72926e+136
1.18004e+137
1.43124e+137
1.73592e+137
2.10545e+137
2.55365e+137
3.09727e+137
3.7566e+137
4.55629e+137
5.52622e+137
6.70262e+137
8.12945e+137
9.86001e+137
1.1959e+138
1.45048e+138
1.75925e+138
2.13375e+138
2.58797e+138
3.13889e+138
3.80709e+138
4.61753e+138
5.60049e+138
6.7927e+138
8.2387e+138
9.99253e+138
1.21197e+139
1.46997e+139
1.78289e+139
2.16243e+139
2.62275e+139
3.18108e+139
3.85825e+139
4.67958e+139
5.67575e+139
6.88399e+139
8.34942e+139
1.01268e+140
1.22826e+140
1.48972e+140
1.80685e+140
2.19149e+140
2.658e+140
3.22383e+140
3.9101e+140
4.74247e+140
5.75203e+140
6.9765e+140
8.46163e+140
1.02629e+141
1.24476e+141
1.50975e+141
1.83113e+141
2.22094e+141
2.69372e+141
3.26715e+141
3.96265e+141
4.80621e+141
5.82934e+141
7.07026e+141
8.57535e+141
1.04008e+142
1.26149e+142
1.53004e+142
1.85574e+142
2.25079e+142
2.72993e+142
3.31106e+142
4.01591e+142
4.8708e+142
5.90768e+142
7.16528e+142
8.6906e+142
1.05406e+143
1.27845e+143
1.5506e+143
1.88068e+143
2.28104e+143
2.76661e+143
3.35556e+143
4.06988e+143
4.93626e+143
5.98707e+143
7.26158e+143
8.80739e+143
1.06823e+144
1.29563e+144
1.57144e+144
1.90596e+144
2.31169e+144
2.8038e+144
3.40066e+144
4.12458e+144
5.0026e+144
6.06753e+144
7.35917e+144
8.92576e+144
1.08258e+145
1.31304e+145
1.59256e+145
1.93157e+145
2.34276e+145
2.84148e+145
3.44636e+145
4.18001e+145
5.06983e+145
6.14908e+145
7.45807e+145
9.04571e+145
1.09713e+146
1.33069e+146
1.61396e+146
1.95753e+146
2.37424e+146
2.87966e+146
3.49268e+146
4.23618e+146
5.13797e+146
6.23172e+146
7.5583e+146
9.16728e+146
1.11188e+147
1.34857e+147
1.63565e+147
1.98384e+147
2.40615e+147
2.91836e+147
3.53961e+147
4.29311e+147
5.20702e+147
6.31547e+147
7.65988e+147
9.29048e+147
1.12682e+148
1.36669e+148
1.65763e+148
2.0105e+148
2.43849e+148
2.95758e+148
3.58718e+148
4.35081e+148
5.27699e+148
6.40034e+148
7.76282e+148
9.41534e+148
1.14196e+149
1.38506e+149
1.67991e+149
2.03752e+149
2.47126e+149
2.99733e+149
3.63539e+149
4.40928e+149
5.34791e+149
6.48636e+149
7.86715e+149
9.54188e+149
1.15731e+150
1.40368e+150
1.70248e+150
2.0649e+150
2.50447e+150
3.03761e+150
3.68425e+150
4.46854e+150
5.41979e+150
6.57353e+150
7.97288e+150
9.67011e+150
1.17286e+151
1.42254e+151
1.72536e+151
2.09265e+151
2.53813e+151
3.07844e+151
3.73376e+151
4.52859e+151
5.49262e+151
6.66187e+151
8.08003e+151
9.80007e+151
1.18863e+152
1.44166e+152
1.74855e+152
2.12078e+152
2.57224e+152
3.11981e+152
3.78394e+152
4.58945e+152
5.56644e+152
6.7514e+152
8.18862e+152
9.93178e+152
1.2046e+153
1.46103e+153
1.77205e+153
2.14928e+153
2.60681e+153
3.16174e+153
3.8348e+153
4.65113e+153
5.64125e+153
6.84214e+153
8.29866e+153
1.00653e+154
1.22079e+154
inf
inf
inf
inf
inf
inf
inf
inf
inf
inf
inf
inf
inf
inf
inf
inf
inf
inf
inf
inf
inf
inf
inf
inf
inf
inf
inf
inf
inf
inf
inf
inf
inf
inf
inf
inf
inf
inf
inf
inf
inf
inf
inf
inf
inf
inf
inf
inf
inf
inf
inf
inf
inf
inf
inf
inf
inf
inf
inf
inf
inf
inf
inf
inf
inf
inf
inf
inf
inf
inf
inf
inf
inf
inf
inf
inf
inf
inf
inf
inf
inf
inf
inf
inf
inf
inf
inf
inf
inf
inf
inf
inf
inf
inf
inf
inf
inf
inf
inf
inf
inf
inf
inf
inf
inf
inf
inf
inf
inf
inf
inf
inf
inf
inf
inf
inf
inf
inf
inf
inf
inf
inf
inf
inf
inf
inf
inf
inf
inf
inf
inf
inf
inf
inf
inf
inf
inf
inf
inf
inf
inf
inf
inf
inf
inf
inf
inf
inf
inf
inf
inf
inf
inf
inf
inf
inf
inf
inf
inf
inf
inf
inf
inf
inf
inf
inf
inf
inf
inf
inf
inf
inf
inf
inf
inf
inf
inf
inf
inf
inf
inf
inf
inf
inf
inf
inf
inf
inf
inf
inf
inf
inf
inf
inf
inf
inf
inf
inf
inf
inf
inf
inf
inf
inf
inf
inf
inf
inf
inf
inf
inf
inf
inf
inf
inf
inf
inf
inf
inf
inf
inf
inf
inf
inf
inf
inf
inf
inf
inf
inf
inf
inf
inf
inf
inf
inf
inf
inf
inf
inf
inf
inf
inf
inf
inf
inf
inf
inf
inf
inf
inf
inf
inf
inf
inf
inf
inf
inf
inf
inf
inf
inf
inf
inf
inf
inf
inf
inf
inf
inf
inf
inf
inf
inf
inf
inf
inf
inf
inf
inf
inf
inf
inf
inf
inf
inf
inf
inf
inf
inf
inf
inf
inf
inf
inf
inf
inf
inf
inf
inf
inf
inf
inf
inf
inf
inf
inf
inf
inf
inf
inf
inf
inf
inf
inf
inf
inf
inf
inf
inf
inf
inf
inf
inf
inf
inf
inf
inf
inf
inf
inf
inf
inf
inf
inf
inf
inf
inf
inf
inf
inf
inf
inf
inf
inf
inf
inf
inf
inf
inf
inf
inf
inf
inf
inf
inf
inf
inf
inf
inf
inf
inf
inf
inf
inf
inf
inf
inf
inf
inf
inf
inf
inf
inf
inf
inf
inf
inf
inf
inf
inf
inf
inf
inf
inf
inf
inf
inf
inf
inf
inf
inf
inf
inf
inf
inf
inf
inf
inf
inf
inf
inf
inf
inf
inf
inf
inf
inf
inf
inf
inf
inf
inf
inf
inf
inf
inf
inf
inf
inf
inf
inf
inf
inf
inf
inf
inf
inf
inf
inf
inf
inf
inf
inf
inf
inf
inf
inf
inf
inf
inf
inf
inf
inf
inf
inf
inf
inf
inf
inf
inf
inf
inf
inf
inf
inf
inf
inf
inf
inf
inf
inf
inf
inf
inf
inf
inf
inf
inf
inf
inf
inf
inf
inf
inf
inf
inf
inf
inf
inf
inf
inf
inf
inf
inf
inf
inf
inf
inf
inf
inf
inf
inf
inf
inf
inf
inf
inf
inf
inf
inf
inf
inf
inf
inf
inf
inf
inf
inf
inf
inf
inf
inf
inf
inf
inf
inf
inf
inf
inf
inf
inf
inf
inf
inf
inf
inf
inf
inf
inf
inf
inf
inf
inf
inf
inf
inf
inf
inf
inf
inf
inf
inf
inf
inf
inf
inf
inf
inf
inf
inf
inf
inf
inf
inf
inf
inf
inf
inf
inf
inf
inf
inf
inf
inf
inf
inf
inf
inf
inf
inf
inf
inf
inf
inf
inf
inf
inf
inf
inf
inf
inf
inf
inf
inf
inf
inf
inf
inf
inf
inf
inf
inf
inf
inf
inf
inf
inf
inf
inf
inf
inf
inf
inf
inf
inf
inf
inf
inf
inf
inf
inf
inf
inf
inf
inf
inf
inf
inf
inf
inf
inf
inf
inf
inf
inf
inf
inf
inf
inf
inf
inf
inf
inf
inf
inf
inf
inf
inf
inf
inf
inf
inf
inf
inf
inf
inf
inf
inf
inf
inf
inf
inf
inf
inf
inf
inf
inf
inf
inf
inf
inf
inf
inf
inf
inf
inf
inf
inf
inf
inf
inf
inf
inf
inf
inf
inf
inf
inf
inf
inf
inf
inf
inf
inf
inf
inf
inf
inf
inf
inf
inf
inf
inf
inf
inf
inf
inf
inf
inf
inf
inf
inf
inf
inf
inf
inf
inf
inf
inf
inf
inf
inf
inf
inf
inf
inf
inf
inf
inf
inf
inf
inf
inf
inf
inf
inf
inf
inf
inf
inf
inf
inf
inf
inf
inf
inf
inf
inf
inf
inf
inf
inf
inf
inf
inf
inf
inf
inf
inf
inf
inf
inf
inf
inf
inf
inf
inf
inf
inf
inf
inf
inf
inf
inf
inf
inf
inf
inf
inf
inf
inf
inf
inf
inf
inf
inf
inf
inf
inf
inf
inf
inf
inf
inf
inf
inf
inf
inf
inf
inf
inf
inf
inf
inf
inf
inf
inf
inf
inf
inf
inf
inf
inf
inf
inf
inf
inf
inf
inf
inf
inf
inf
inf
inf
inf
inf
inf
inf
inf
inf
inf
inf
inf
inf
inf
inf
inf
inf
inf
inf
inf
inf
inf
inf
inf
inf
inf
inf
inf
inf
inf
inf
inf
inf
inf
inf
inf
inf
inf
inf
inf
inf
inf
inf
inf
inf
inf
inf
inf
inf
inf
inf
inf
inf
inf
inf
inf
inf
inf
inf
inf
inf
inf
inf
inf
inf
inf
inf
inf
inf
inf
inf
inf
inf
inf
inf
inf
inf
inf
inf
inf
inf
inf
inf
inf
inf
inf
inf
inf
inf
inf
inf
inf
inf
inf
inf
inf
inf
inf
inf
inf
inf
inf
inf
inf
inf
inf
inf
inf
inf
inf
inf
inf
inf
inf
inf
inf
inf
inf
inf
inf
inf
inf
inf
inf
inf
inf
inf
inf
inf
inf
inf
inf
inf
inf
inf
inf
inf
inf
inf
inf
inf
inf
inf
inf
inf
inf
inf
inf
inf
inf
inf
inf
inf
inf
inf
inf
inf
inf
inf
inf
inf
inf
inf
inf
inf
inf
inf
inf
inf
inf
inf
inf
inf
inf
inf
inf
inf
inf
inf
inf
inf
inf
inf
inf
inf
inf
inf
inf
inf
inf
inf
inf
inf
inf
inf
inf
inf
inf
inf
inf
inf
inf
inf
inf
inf
inf
inf
inf
inf
inf
inf
inf
inf
inf
inf
inf
inf
inf
inf
inf
inf
inf
inf
inf
inf
inf
inf
inf
inf
inf
inf
inf
inf
inf
inf
inf
inf
inf
inf
inf
inf
inf
inf
inf
inf
inf
inf
inf
inf
inf
inf
inf
inf
inf
inf
inf
inf
inf
inf
inf
inf
inf
inf
inf
inf
inf
inf
inf
inf
inf
inf
inf
inf
inf
inf
inf
inf
inf
inf
inf
inf
inf
inf
inf
inf
inf
inf
inf
inf
inf
inf
inf
inf
inf
inf
inf
inf
inf
inf
inf
inf
inf
inf
inf
inf
inf
inf
inf
inf
inf
inf
inf
inf
inf
inf
inf
inf
inf
inf
inf
inf
inf
inf
inf
inf
inf
inf
inf
inf
inf
inf
inf
inf
inf
inf
inf
inf
inf
inf
inf
inf
inf
inf
inf
inf
inf
inf
inf
inf
inf
inf
inf
inf
inf
inf
inf
inf
inf
inf
inf
inf
inf
inf
inf
inf
inf
inf
inf
inf
inf
inf
inf
inf
inf
inf
inf
inf
inf
inf
inf
inf
inf
inf
inf
inf
inf
inf
inf
inf
inf
inf
inf
inf
inf
inf
inf
inf
inf
inf
inf
inf
inf
inf
inf
inf
inf
inf
inf
inf
inf
inf
inf
inf
inf
inf
inf
inf
inf
inf
inf
inf
inf
inf
inf
inf
inf
inf
inf
inf
inf
inf
inf
inf
inf
inf
inf
inf
inf
inf
inf
inf
inf
inf
inf
inf
inf
inf
inf
inf
inf
inf
inf
inf
inf
inf
inf
inf
inf
inf
inf
inf
inf
inf
inf
inf
inf
inf
inf
inf
inf
inf
inf
inf
inf
inf
inf
inf
inf
inf
inf
inf
inf
inf
inf
inf
inf
inf
inf
inf
inf
inf
inf
inf
inf
inf
inf
inf
inf
inf
inf
inf
inf
inf
inf
inf
inf
inf
inf
inf
inf
inf
inf
inf
inf
inf
inf
inf
inf
inf
inf
inf
inf
inf
inf
inf
inf
inf
inf
inf
inf
inf
inf
inf
inf
inf
inf
inf
inf
inf
inf
inf
inf
inf
inf
inf
inf
inf
inf
inf
inf
inf
inf
inf
inf
inf
inf
inf
inf
inf
inf
inf
inf
inf
inf
inf
inf
inf
inf
inf
inf
inf
inf
inf
inf
inf
inf
inf
inf
inf
inf
inf
inf
inf
inf
inf
inf
inf
inf
inf
inf
inf
inf
inf
inf
inf
inf
inf
inf
inf
inf
inf
inf
inf
inf
inf
inf
inf
inf
inf
inf
inf
inf
inf
inf
inf
inf
inf
inf
inf
inf
inf
inf
inf
inf
inf
inf
inf
inf
inf
inf
inf
inf
inf
inf
inf
inf
inf
inf
inf
inf
inf
inf
inf
inf
inf
inf
inf
inf
inf
inf
inf
inf
inf
inf
inf
inf
inf
inf
inf
inf
inf
inf
inf
inf
inf
inf
inf
inf
inf
inf
inf
inf
inf
inf
inf
inf
inf
inf
inf
inf
inf
inf
inf
inf
inf
inf
inf
inf
inf
inf
inf
inf
inf
inf
inf
inf
inf
inf
inf
inf
inf
inf
inf
inf
inf
inf
inf
inf
inf
inf
inf
inf
inf
inf
inf
inf
inf
inf
inf
inf
inf
inf
inf
inf
inf
inf
inf
inf
inf
inf
inf
inf
inf
inf
inf
inf
inf
inf
inf
inf
inf
inf
inf
inf
inf
inf
inf
inf
inf
inf
inf
inf
inf
inf
inf
inf
inf
inf
inf
inf
inf
inf
inf
inf
inf
inf
inf
inf
inf
inf
inf
inf
inf
inf
inf
inf
inf
inf
inf
inf
inf
inf
inf
inf
inf
inf
inf
inf
inf
inf
inf
inf
inf
inf
inf
inf
inf
inf
inf
inf
inf
inf
inf
inf
inf
inf
inf
inf
inf
inf
inf
inf
inf
inf
inf
inf
inf
inf
inf
inf
inf
inf
inf
inf
inf
inf
inf
inf
inf
inf
inf
inf
inf
inf
inf
inf
inf
inf
inf
inf
inf
inf
inf
inf
inf
inf
inf
inf
inf
inf
inf
inf
inf
inf
inf
inf
inf
inf
inf
inf
inf
inf
inf
inf
inf
inf
inf
inf
inf
inf
inf
inf
inf
inf
inf
inf
inf
inf
inf
inf
inf
inf
inf
inf
inf
inf
inf
inf
inf
inf
inf
inf
inf
inf
inf
inf
inf
inf
inf
inf
inf
inf
inf
inf
inf
inf
inf
inf
inf
inf
inf
inf
inf
inf
inf
inf
inf
inf
inf
inf
inf
inf
inf
inf
inf
inf
inf
inf
inf
inf
inf
inf
inf
inf
inf
inf
inf
inf
inf
inf
inf
inf
inf
inf
inf
inf
inf
inf
inf
inf
inf
inf
inf
inf
inf
inf
inf
inf
inf
inf
inf
inf
inf
inf
inf
inf
inf
inf
inf
inf
inf
inf
inf
inf
inf
inf
inf
inf
inf
inf
inf
inf
inf
inf
inf
inf
inf
inf
inf
inf
inf
inf
inf
inf
inf
inf
inf
inf
inf
inf
inf
inf
inf
inf
inf
inf
inf
inf
inf
inf
inf
inf
inf
inf
inf
inf
inf
inf
inf
inf
inf
inf
inf
-nan(ind)
