21.3054
11.3412
6.04445
3.22533
1.72523
0.930231
0.51822
0.326483
0.271733
0.293245
0.351611
0.434522
0.542754
0.682014
0.860869
1.09072
1.38646
1.76743
2.25881
2.89334
3.71368
4.77538
6.15087
7.93463
10.2499
13.2578
17.1687
22.2575
28.8839
37.5185
48.7772
63.4666
82.6435
107.693
140.43
183.236
239.235
312.528
408.496
534.207
698.945
914.91
1198.14
1569.7
2057.32
2697.45
3538.05
4642.24
6093.09
7999.96
10506.9
13803.4
18139.5
23844.2
31351.3
41232.5
54241.3
71371.4
93932.9
123654
162813
214419
282437
372105
490333
646242
851875
1.12313e+06
1.48101e+06
1.95324e+06
2.57645e+06
3.39901e+06
4.48486e+06
5.91843e+06
7.81135e+06
1.03111e+07
1.36126e+07
1.79735e+07
2.37344e+07
3.13457e+07
4.14028e+07
5.46931e+07
7.22577e+07
9.54738e+07
1.26163e+08
1.66734e+08
2.20375e+08
2.91303e+08
3.85096e+08
5.09138e+08
6.73198e+08
8.90205e+08
1.17727e+09
